crimes;stations;plant;spending;yards;landfill;structure;flows;farming;use;store;road;piste;proximity;bus;accidents;widening;activity;stops;Amsterdam;Virus;based;removal;streets;arsons;sales;locations;age;years;groups;houses;district;candidates;coming;block;robberies;density;units;relative;trees;elms;calls;tornadoes;clusters;type;area;schools;enforcement;coefficients;runway;properties;neighborhood;region;cyclists;scales;population;estimated;emissions;fields;activities;construction;data;location;potential;services;distribution;hospitals;buses;photography;Dynasty;access;environment;associated;Rail;populations;length;level;living;number;businesses;metric;characteristics;foods;heterogeneity;roads;segregation;composition;conditions;landscapes;residences;networks;visibility;immigrants;growth;uses;pattern;scale;prices;price;clustering;patterns;change;modeling;industries;establishments;students;Leeds;factors;IV;changes;Zone;rates;districts;facilities);pollution;myrtles;sinks;seniors;trams;trains;climate;types;resources;concentration;towns;forestry
individual;0.2;0.2;0;0;0;0;0;0;0;0;0;0;0;0;0;0;0;0;0.25;0;0;0;0;0;0;0;0;0;0;0;0;0;1;0;0;0;0;0;0;0;0;0;0;0;0;0;0;0;0;0;0;0;0;0;0;0;0;0;0;0;0;0;0;0;0;0;0;0;0;0;0;0;0;0;0;0;0;0;0;0;0;0;0;0;0;0;0;0;0;0;0;0;0;0;0;0;0;0;0;0;0;0;0;0;0;0;0;0;0;0;0;0;0;0;0;0;0;0;0;0;0;0;0;0;0;0
fire;0.2;0.2;0;0;0;0;0;0;0;0;0;0;0;0;0;0;0;0;0.25;0;0;0;0;0;0;0;0;0;0;0.0625;0;0;0;0;0;0;0;0;0;0;0;0.25;0;0;0;0;0;0;0;0;0;0;0;0;0;0;0;0;0;0;0;0;0;0;0;0;0;0;0;0;0;0;0;0;0;0;0;0;0;0;0;0;0;0;0;0;0;0;0;0;0;0;0;0;0;0;0;0;0;0;0;0;0;0;0;0;0;0;0;0;0;0;0;0;0;0;0;0;0;0;0;0;0;0;0;0
treatment;0;0;0.5;0;0;0;0;0;0;0;0;0;0;0;0;0;0;0;0;0;0;0;0;0;0;0;0;0;0;0;0;0;0;0;0;0;0;0;0;0;0;0;0;0;0;0;0;0;0;0;0;0;0;0;0;0;0;0;0;0;0;0;0;0;0;0;0;0;0;0;0;0;0;0;0;0;0;0;0;0;0;0;0;0;0;0;0;0;0;0;0;0;0;0;0;0;0;0;0;0;0;0;0;0;0;0;0;0;0;0;0;0;0;0;0;0;0;0;0;0;0;0;0;0;0;0
water;0;0;0.5;0;0;0;0;0;0;0.0256410256410256;0;0;0;0;0;0;0;0;0;0;0;0;1;0;1;0;0;0;0;0;0;0;0;0;0;0;0;0;0;0;0;0;0;0;0;0.0344827586206897;0;0;0;0;0;0;0;0;0;0;0;0;0;0;0;0;0;0;0;0.0454545454545455;0;0;0;0;0;0.1;0;0;0;0;0;0;0;0;0;0.0555555555555556;0;0;0;0;0;0;0;0;0.1;0.1;0;0;0;0;0;0;0;0;0;0;0;0;0;0;0;0;0;0;0.1;0;0;0;0;0;0;0;0;0;0.1;0.1;0.1;0;0;0
public;0;0;0;0.0714285714285714;0;0;0;0;0;0.0256410256410256;0;0;0;0;0;0.0714285714285714;0;0;0;0;0;0;0;0;0;0;0;0;0;0;0;0;0;0;0;0;0;0.0681818181818182;0.125;0;0;0;0;0;0;0.0344827586206897;0.25;0;0;0;0;0;0;0;0;0.214285714285714;0;0;0;0;0;0;0;0;0.214285714285714;0;0.333333333333333;0.214285714285714;0;0.0714285714285714;0;0;0;0;0;0;0;0;0;0;0;0;0.214285714285714;0;0;0;0;0.0714285714285714;0;0;0;0;0;0.0555555555555556;0;0;0;0;0;0;0;0;0;0.0384615384615385;0;0;0;0;0;0;0;0;0;0;0;0;0;0.214285714285714;0.214285714285714;0.214285714285714;0;0;0;0;0;0
100;0;0;0;0;0.0666666666666667;0;0;0;0;0.0256410256410256;0.0666666666666667;0;0;0;0;0;0;0;0;0;0;0;0;0;0;0;0;0;0;0;0;0;0;0;0;0;0.04;0;0;0;0;0;0;0;0;0;0;0;0;0;0;0;0;0;0;0;0;0;0;0;0;0;0;0;0;0;0;0;0;0;0;0;0;0.0666666666666667;0;0;0;0;0;0;0;0;0;0;0;0.0434782608695652;0;0;0;0;0;0;0;0;0;0;0;0;0;0;0;0;0;0;0;0;0;0;0;0;0;0;0;0;0;0;0;0;0;0;0;0;0;0;0;0
new;0;0;0;0;0;1;0;0;0;0;0;0;0.5;0;0;0;0;0;0;0;0;0;0;0;0;0;0;0;0;0;0;0;0;0;0;0;0;0;0;0;0;0;0;0;0;0;0;0;0;0;0;0;0;0;0;0;0;0;0;0;0;0;0;0;0;0;0;0;0;0;0;0;0;0;0;0;0;0;0;0;0;0;0;0;0;0;0;0;0;0;0;0;0;0;0;0;0;0;0;0;0;0;0;0;0;0;0;0;0;0;0;0;0;0;0;0;0;0;0;0;0;0;0;0;0;0
social;0;0;0;0;0;0;0.0588235294117647;0;0;0;0;0;0;0.04;0;0;0;0.0526315789473684;0;0;0;0;0;0;0;0.0588235294117647;0.0588235294117647;0;0;0;0;0;0;0;0;0;0;0;0;0;0;0;0;0.0588235294117647;0;0;0;0;0.0588235294117647;0;0;0;0;0;0;0;0;0;0;0;0;0;0;0;0;0;0;0;0;0;0;0;0;0;0;0;0;0;0;0;0;0;0;0;0;0;0;0;0;0;0;0;0;0;0.0588235294117647;0;0;0;0;0;0;0;0;0;0;0;0;0;0;0;0;0;0;0;0;0;0;0;0;0;0;0;0;0;0;0
factories,;0;0;0;0;0;0;0.0588235294117647;0;0;0;0;0;0;0.04;0;0;0;0.0526315789473684;0;0;0;0;0;0;0;0.0588235294117647;0.0588235294117647;0;0;0;0;0;0;0;0;0;0;0;0;0;0;0;0;0.0588235294117647;0;0;0;0;0.0588235294117647;0;0;0;0;0;0;0;0;0;0;0;0;0;0;0;0;0;0;0;0;0;0;0;0;0;0;0;0;0;0;0;0;0;0;0;0;0;0;0;0;0;0;0;0;0;0.0588235294117647;0;0;0;0;0;0;0;0;0;0;0;0;0;0;0;0;0;0;0;0;0;0;0;0;0;0;0;0;0;0;0
local;0;0;0;0;0;0;0.117647058823529;0;0;0;0;0;0;0.08;0;0;0;0.105263157894737;0;0;0;0;0;0;0;0.117647058823529;0.117647058823529;0;0;0;0;0;0;0;0;0;0;0;0;0;0;0;0;0.117647058823529;0;0;0;0;0.117647058823529;0;0;0;0;0;0;0;0;0;0;0;0;0;0;0;0;0;0;0;0;0;0;0;0;0;0;0;0;0;0;0;0;0;0;0;0;0;0;0;0;0;0;0;0;0;0.117647058823529;0;0;0;0;0;0;0;0;0;0;0;0;0;0;0;0;0;0;0;0;0;0;0;0;0;0;0;0;0;0;0
microclimate,;0;0;0;0;0;0;0.0588235294117647;0;0;0;0;0;0;0.04;0;0;0;0.0526315789473684;0;0;0;0;0;0;0;0.0588235294117647;0.0588235294117647;0;0;0;0;0;0;0;0;0;0;0;0;0;0;0;0;0.0588235294117647;0;0;0;0;0.0588235294117647;0;0;0;0;0;0;0;0;0;0;0;0;0;0;0;0;0;0;0;0;0;0;0;0;0;0;0;0;0;0;0;0;0;0;0;0;0;0;0;0;0;0;0;0;0;0.0588235294117647;0;0;0;0;0;0;0;0;0;0;0;0;0;0;0;0;0;0;0;0;0;0;0;0;0;0;0;0;0;0;0
traffic;0;0;0;0;0;0;0;0.125;0;0;0;0;0;0.04;0;0;0.125;0;0;0;0;0;0;0;0;0;0;0;0;0;0;0;0;0;0;0;0;0;0;0;0;0;0;0;0;0;0;0;0;0;0;0;0;0;0.125;0;0;0;0;0;0;0;0;0;0;0.0454545454545455;0;0;0;0;0;0;0;0;0;0;0;0;0;0;0;0.0555555555555556;0;0;0;0;0;0;0;0;0;0;0;0;0;0;0.125;0;0;0;0;0;0;0;0;0;0;0;0;0;0;0;0;0;0;0;0;0;0;0;0;0;0;0;0;0
land;0;0;0;0.142857142857143;0.0666666666666667;0;0.0588235294117647;0;0;0.128205128205128;0.0666666666666667;0;0;0.04;0;0.142857142857143;0;0.0526315789473684;0;0.0666666666666667;0.0666666666666667;0;0;0;0;0.0588235294117647;0.0588235294117647;0.0666666666666667;0;0;0;0;0;0;0;0.04;0.04;0.0227272727272727;0;0;0;0;0;0.0588235294117647;0;0.172413793103448;0;0;0.0588235294117647;0;0;0;0;0;0;0;0;0;0;0;0;0;0.2;0.2;0;0.136363636363636;0;0;0;0.142857142857143;0;0.2;0.2;0.0666666666666667;0.0666666666666667;0;0;0;0;0;0;0.111111111111111;0;0;0;0.0434782608695652;0;0.142857142857143;0.0833333333333333;0.0666666666666667;0.2;0.2;0.0666666666666667;0.111111111111111;0.0588235294117647;0;0;0.117647058823529;0.2;0;0;0.25;0;0.0769230769230769;0;0;0.0666666666666667;0;0;0;0.2;0.0666666666666667;0;0.0833333333333333;0;0;0;0;0;0;0.2;0.2;0.2;0;0.0666666666666667;0
existing;0;0;0;0;0.0666666666666667;0;0;0;0;0.0256410256410256;0.0666666666666667;0;0;0;0;0;0;0;0;0;0;0;0;0;0;0;0;0;0;0;0;0;0;0;0;0;0.04;0;0;0;0;0;0;0;0;0;0;0;0;0;0;0;0;0;0;0;0;0;0;0;0;0;0;0;0;0;0;0;0;0;0;0;0;0.0666666666666667;0;0;0;0;0;0;0;0;0;0;0;0.0434782608695652;0;0;0;0;0;0;0;0;0;0;0;0;0;0;0;0;0;0;0;0;0;0;0;0;0;0;0;0;0;0;0;0;0;0;0;0;0;0;0;0
closest;0;0;0;0;0.0666666666666667;0;0;0;0;0.0256410256410256;0.0666666666666667;0;0;0;0;0;0;0;0;0;0;0;0;0;0;0;0;0;0;0;0;0;0;0;0;0;0.04;0;0;0;0;0;0;0;0;0;0;0;0;0;0;0;0;0;0;0;0;0;0;0;0;0;0;0;0;0;0;0;0;0;0;0;0;0.0666666666666667;0;0;0;0;0;0;0;0;0;0;0;0.0434782608695652;0;0;0;0;0;0;0;0;0;0;0;0;0;0;0;0;0;0;0;0;0;0;0;0;0;0;0;0;0;0;0;0;0;0;0;0;0;0;0;0
our;0;0;0;0;0.0666666666666667;0;0;0;0;0.0256410256410256;0.0666666666666667;0;0;0;0;0;0;0;0;0;0;0;0;0;0;0;0;0;0;0;0;0;0;0;0;0;0.04;0;0;0;0;0;0;0;0;0;0;0;0;0;0;0;0;0;0;0;0;0;0;0;0;0;0;0;0;0;0;0;0;0;0;0;0;0.0666666666666667;0;0;0;0;0;0;0;0;0;0;0;0.0434782608695652;0;0;0;0;0;0;0;0;0;0;0;0;0;0;0;0;0;0;0;0;0;0;0;0;0;0;0;0;0;0;0;0;0;0;0;0;0;0;0;0
ski;0;0;0;0;0;0;0;0;0;0;0;1;0.5;0;1;0;0;0;0;0;0;0;0;0;0;0;0;0;0;0;0;0;0;0;0;0;0;0;0;0;0;0;0;0;0;0;0;0;0;0;0;0;0;0;0;0;0;0;0;0;0;0;0;0;0;0;0;0;0;0;0;0;0;0;0;0;0;0;0;0;0;0;0;0;0;0;0;0;0;0;0;0;0;0;0;0;0;0;0;0;0;0;0;0;0;0;0;0;0;0;0;0;0;0;0;0;0;0;0;0;0;0;0;0;0;0
prices;0;0;0;0;0;0;0.0588235294117647;0;0;0;0;0;0;0.04;0;0;0;0.0526315789473684;0;0;0;0;0;0;0;0.0588235294117647;0.0588235294117647;0;0;0;0;0;0;0;0;0;0;0;0;0;0;0;0;0.0588235294117647;0;0;0;0;0.0588235294117647;0;0;0;0;0;0;0;0;0;0;0;0;0;0;0;0;0;0;0;0;0;0;0;0;0;0;0;0;0;0;0;0;0;0;0;0;0;0;0;0;0;0;0;0;0;0.0588235294117647;0;0;0;0;0;0;0;0;0;0;0;0;0;0;0;0;0;0;0;0;0;0;0;0;0;0;0;0;0;0;0
room;0;0;0;0;0;0;0.0588235294117647;0;0;0;0;0;0;0.04;0;0;0;0.0526315789473684;0;0;0;0;0;0;0;0.0588235294117647;0.0588235294117647;0;0;0;0;0;0;0;0;0;0;0;0;0;0;0;0;0.0588235294117647;0;0;0;0;0.0588235294117647;0;0;0;0;0;0;0;0;0;0;0;0;0;0;0;0;0;0;0;0;0;0;0;0;0;0;0;0;0;0;0;0;0;0;0;0;0;0;0;0;0;0;0;0;0;0.0588235294117647;0;0;0;0;0;0;0;0;0;0;0;0;0;0;0;0;0;0;0;0;0;0;0;0;0;0;0;0;0;0;0
hotel;0;0;0;0;0;0;0.0588235294117647;0;0;0;0;0;0;0.04;0;0;0;0.0526315789473684;0;0;0;0;0;0;0;0.0588235294117647;0.0588235294117647;0;0;0;0;0;0;0;0;0;0;0;0;0;0;0;0;0.0588235294117647;0;0;0;0;0.0588235294117647;0;0;0;0;0;0;0;0;0;0;0;0;0;0;0;0;0;0;0;0;0;0;0;0;0;0;0;0;0;0;0;0;0;0;0;0;0;0;0;0;0;0;0;0;0;0.0588235294117647;0;0;0;0;0;0;0;0;0;0;0;0;0;0;0;0;0;0;0;0;0;0;0;0;0;0;0;0;0;0;0
road;0;0;0;0;0;0;0;0.125;0;0;0;0;0;0.04;0;0;0.125;0;0;0;0;0;0;0;0;0;0;0;0;0;0;0;0;0;0;0;0;0;0;0;0;0;0;0;0;0;0;0;0;0;0;0;0;0;0.125;0;0;0;0;0;0;0;0;0;0;0.0454545454545455;0;0;0;0;0;0;0;0;0;0;0;0;0;0;0;0.0555555555555556;0;0;0;0;0;0;0.0833333333333333;0;0;0;0;0;0;0;0.125;0;0;0;0;0;0;0;0;0;0;0;0;0;0;0;0;0.0833333333333333;0;0;0;0;0;0;0;0;0;0;0;0
recreational;0;0;0;0;0;0;0;0;0.5;0;0;0;0;0;0;0;0;0.0526315789473684;0;0;0;0;0;0;0;0;0;0;0;0;0;0;0;0;0;0;0;0;0;0;0;0;0;0;0;0;0;0;0;0;0;0;0;0;0;0;0;0;0;0;0;0;0;0;0;0;0;0;0;0;0;0;0;0;0;0;0;0;0;0;0;0;0;0;0;0;0;0;0;0;0;0;0;0;0;0;0;0;0;0;0;0;0;0;0;0;0;0;0;0;0;0;0;0;0;0;0;0;0;0;0;0;0;0;0;0.5
continuing;0;0;0;0;0;0;0;0;0.5;0;0;0;0;0;0;0;0;0.0526315789473684;0;0;0;0;0;0;0;0;0;0;0;0;0;0;0;0;0;0;0;0;0;0;0;0;0;0;0;0;0;0;0;0;0;0;0;0;0;0;0;0;0;0;0;0;0;0;0;0;0;0;0;0;0;0;0;0;0;0;0;0;0;0;0;0;0;0;0;0;0;0;0;0;0;0;0;0;0;0;0;0;0;0;0;0;0;0;0;0;0;0;0;0;0;0;0;0;0;0;0;0;0;0;0;0;0;0;0;0.5
bus;0.2;0.2;0;0;0;0;0;0;0;0;0;0;0;0;0;0;0;0;0.25;0;0;0;0;0;0;0;0;0;0;0;0;0;0;0;0;0;0;0;0;0;0;0;0;0;0;0;0;0;0;0;0;0;0;0;0;0;0;0;0;0;0;0;0;0;0;0;0;0;0;0;0;0;0;0;0;0;0;0;0;0;0;0;0;0;0;0;0;0;0;0;0;0;0;0;0;0;0;0;0;0;0;0;0;0;0;0;0;0;0;0;0;0;0;0;0;0;0;0;0;0;0;0;0;0;0;0
potential;0.2;0.2;0;0;0;0;0;0;0;0;0;0;0;0;0;0;0;0;0.25;0;0;0;0;0;0;0;0;0;0;0;0;0;0;0;0;0;0;0;0;0;0;0;0;0;0;0;0;0;0;0;0;0;0;0;0;0;0;0;0;0;0;0;0;0;0;0;0;0;0;0;0;0;0;0;0;0;0;0;0;0;0;0;0;0;0;0;0;0;0;0;0;0;0;0;0;0;0;0;0;0;0;0;0;0;0;0;0;0;0;0;0;0;0;0;0;0;0;0;0;0;0;0;0;0;0;0
Nile;0;0;0;0;0;0;0;0;0;0;0;0;0;0;0;0;0;0;0;0.0666666666666667;0.0666666666666667;0;0;0;0;0;0;0.0666666666666667;0;0;0;0;0;0;0;0.04;0;0.0227272727272727;0;0;0;0;0;0;0;0;0;0;0;0;0;0;0;0;0;0;0;0;0;0;0;0;0;0;0;0;0;0;0;0;0;0;0;0;0.0666666666666667;0;0;0;0;0;0;0;0;0;0;0;0;0;0;0.0666666666666667;0;0;0.0666666666666667;0;0;0;0;0.0588235294117647;0;0;0;0;0;0;0;0;0.0666666666666667;0;0;0;0;0.0666666666666667;0;0;0;0;0;0;0;0;0;0;0;0;0.0666666666666667;0
West;0;0;0;0;0;0;0;0;0;0;0;0;0;0;0;0;0;0;0;0.0666666666666667;0.0666666666666667;0;0;0;0;0;0;0.0666666666666667;0;0;0;0;0;0;0;0.04;0;0.0227272727272727;0;0;0;0;0;0;0;0;0;0;0;0;0;0;0;0;0;0;0;0;0;0;0;0;0;0;0;0;0;0;0;0;0;0;0;0;0.0666666666666667;0;0;0;0;0;0;0;0;0;0;0;0;0;0;0.0666666666666667;0;0;0.0666666666666667;0;0;0;0;0.0588235294117647;0;0;0;0;0;0;0;0;0.0666666666666667;0;0;0;0;0.0666666666666667;0;0;0;0;0;0;0;0;0;0;0;0;0.0666666666666667;0
migration;0;0;0;0;0;0;0;0;0;0;0;0;0;0;0;0;0;0;0;0;0;0.0476190476190476;0;0;0;0;0;0;0;0;0;0;0;0;0;0;0;0;0;0;0;0;0.125;0;0;0;0;0;0;0;0;0;0;0;0;0;0;0;0;0;0;0;0;0;0;0;0;0;0;0;0;0;0;0;0;0;0;0;0;0;0;0;0;0;0;0.0434782608695652;0;0;0;0;0;0;0;0;0;0;0;0;0;0;0;0;0;0;0;0.125;0;0;0;0;0;0;0;0;0;0;0;0;0;0;0;0;0;0;0;0
animal;0;0;0;0;0;0;0;0;0;0;0;0;0;0;0;0;0;0;0;0;0;0.0952380952380952;0;0;0;0;0;0;0;0;0;0;0;0;0;0;0;0;0;0;0;0;0.25;0;0;0;0;0;0;0;0;0;0;0;0;0;0;0;0;0;0;0;0;0;0;0;0;0;0;0;0;0;0;0;0;0;0;0;0;0;0;0;0;0;0;0.0869565217391304;0;0;0;0;0;0;0;0;0;0;0;0;0;0;0;0;0;0;0;0.25;0;0;0;0;0;0;0;0;0;0;0;0;0;0;0;0;0;0;0;0
asphalt;0;0;0;0;0;0;0;0;0;0;0;0;0;0;0;0;0;0;0;0;0;0;0;0.333333333333333;0;0;0;0;0;0;0;0;0;0;0;0;0;0;0;0;0;0;0;0;0;0;0;0;0;0;0;0;0;0;0;0;0;0;0;0;0;0;0;0;0;0;0;0;0;0;0;0;0;0;0;0;0;0;0;0;0;0;0;0;0;0;0;0;0;0;0;0;0;0;0;0;0;0;0;0;0;0;0;0;0;0;0;0;0;0;0;0;0;0;0;0;0;0;0;0;0;0;0;0;0;0
monthly;0;0;0;0;0;0;0.0588235294117647;0;0;0;0;0;0;0.04;0;0;0;0.0526315789473684;0;0;0;0;0;0;0;0.0588235294117647;0.0588235294117647;0;0;0;0;0;0;0;0;0;0;0;0;0;0;0;0;0.0588235294117647;0;0;0;0;0.0588235294117647;0;0;0;0;0;0;0;0;0;0;0;0;0;0;0;0;0;0;0;0;0;0;0;0;0;0;0;0;0;0;0;0;0;0;0;0;0;0;0;0;0;0;0;0;0;0.0588235294117647;0;0;0;0;0;0;0;0;0;0;0;0;0;0;0;0;0;0;0;0;0;0;0;0;0;0;0;0;0;0;0
average;0;0;0;0;0;0;0.0588235294117647;0;0;0;0;0;0;0.04;0;0;0;0.0526315789473684;0;0;0;0;0;0;0;0.0588235294117647;0.0588235294117647;0;0;0;0;0;0;0;0;0;0;0;0;0;0;0;0;0.0588235294117647;0;0;0;0;0.0588235294117647;0;0;0;0;0;0;0;0;0;0;0;0;0;0;0;0;0;0;0;0;0;0;0;0;0;0;0;0;0;0;0;0;0;0;0;0;0;0;0;0;0;0;0;0;0;0.0588235294117647;0;0;0;0;0;0;0;0;0;0;0;0;0;0;0;0;0;0;0;0;0;0;0;0;0;0;0;0;0;0;0
construction;0.2;0;0;0;0;0;0;0;0;0;0;0;0;0;0;0;0;0;0;0;0;0;0;0;0;0;0;0;1;0;0;0;0;0;0;0;0;0;0;0;0;0;0;0;0;0;0;0;0;0;0;0;0;0;0;0;0;0;0;0;0;0;0;0;0;0;0;0;0;0;0;0;0;0;0;0;0;0;0;0;0;0;0;0;0;0;0;0;0;0;0;0;0;0;0;0;0;0;0;0;0;0;0;0;0;0;0;0;0;0;0;0;0;0;0;0;0;0;0;0;0;0;0;0;0;0
ethnic;0;0;0;0;0;0;0;0;0;0;0;0;0;0;0;0;0;0;0;0;0;0;0;0;0;0;0;0;0;0.0625;0;0;0;0;0;0;0;0;0;0;0;0.25;0;0;0;0;0;0;0;0;0;0;0;0;0;0;0;0;0;0;0;0;0;0;0;0;0;0;0;0;0;0;0;0;0;0;0;0;0;0;0;0;0;0;0;0;0;0;0;0;0;0;0;0;0;0;0;0;0;0;0;0;0;0;0;0;0;0;0;0;0;0;0;0;0;0;0;0;0;0;0;0;0;0;0;0
various;0;0;0;0.0714285714285714;0;0;0;0;0;0.0256410256410256;0;0;0;0;0;0.0714285714285714;0;0;0;0;0;0;0;0;0;0;0;0;0;0.0625;0;0;0;0;0;0;0;0;0;0;0;0.25;0;0;0;0.0344827586206897;0;0;0;0;0;0;0;0;0;0;0;0;0;0;0;0;0;0;0;0;0;0;0;0.0714285714285714;0;0;0;0;0;0;0;0;0;0;0;0;0;0;0;0;0;0.0714285714285714;0;0;0;0;0;0.0555555555555556;0;0;0;0;0;0;0;0;0;0.0384615384615385;0;0;0;0;0;0;0;0;0;0;0;0;0;0;0;0;0;0;0;0;0;0
rental;0;0;0;0;0;0;0;0;0;0;0;0;0;0;0;0;0;0;0;0;0;0;0;0;0;0;0;0;0;0;0.333333333333333;0;0;0;0.1;0.04;0;0.0227272727272727;0.0625;0.1;0.1;0;0;0;0;0;0;0;0;0;0;0.0714285714285714;0.0476190476190476;0.1;0;0;0;0;0;0;0;0.1;0;0;0;0;0;0;0;0;0;0;0;0;0;0;0;0;0;0;0;0;0;0;0;0;0;0;0;0;0;0;0;0;0;0;0;0;0;0;0;0;0;0;0;0;0;0;0;0;0;0;0;0;0;0.1;0;0;0;0;0;0;0;0;0;0
police;0;0;0;0;0;0;0;0;0;0;0;0;0;0;0;0;0;0;0;0;0;0;0;0;0;0;0;0;0;0;0;0.5;0;0;0;0;0;0;0;0;0;0;0;0;0;0;0;0;0;0;0;0;0;0;0;0;0;0;0;0;0;0;0;0;0;0;0;0;0;0;0;0;0;0;0;0;0;0;0;0;0;0;0;0;0;0;0;0;0;0;0;0;0;0;0;0;0;0;0;0;0;0;0;0;0;0;0;0;0;0;0;0;0;0;0;0;0;0;0;0;0;0;0;0;0;0
each;0;0;0;0;0;0;0;0;0;0;0;0;0;0;0;0;0;0;0;0;0;0.0476190476190476;0;0.333333333333333;0;0;0;0;0;0;0;0.5;0;0;0;0;0;0;0;0;0;0;0.125;0;0.5;0;0;0.142857142857143;0;0.142857142857143;0;0.214285714285714;0;0;0;0;0;0;0;0;0;0;0;0;0;0;0;0;0;0;0;0;0;0;0;0;0;0;0;0;0;0;0;0;0;0.0434782608695652;0;0;0;0;0;0;0;0;0;0;0;0;0;0;0;0;0;0;0;0.125;0;0;0;0;0;0;0;0;0;0;0;0;0;0;0;0;0;0;0;0
energy;0;0;0;0;0;0;0;0;0;0;0;0;0;0;0;0;0;0;0;0;0;0;0;0;0;0;0;0;0;0;0;0;0;1;0;0;0;0;0;0;0;0;0;0;0;0;0;0;0;0;0;0;0;0;0;0;0;0;0;0;0;0;0;0;0;0;0;0;0;0;0;0;0;0;0;0;0;0;0;0;0;0;0;0;0;0;0;0;0;0;0;0;0;0;0;0;0;0;0;0;0;0;0;0;0;0;0;0;0;0;0;0;0;0;0;0;0;0;0;0;0;0;0;0;0;0
census;0;0;0;0;0;0;0;0;0;0;0;0;0;0;0;0;0;0;0;0;0;0;0;0;0;0;0;0;0;0;0;0;0;0;0.1;0.04;0;0.0454545454545455;0.0625;0.1;0.1;0;0;0;0;0;0;0;0;0;0;0.0714285714285714;0.0476190476190476;0.1;0;0;0;0;0;0;0;0.1;0;0;0;0;0;0;0;0;0;0;0;0;0;0.2;0.111111111111111;0;0.2;0;0;0;0;0;0;0;0;0;0;0;0;0;0;0;0;0;0;0;0;0;0;0;0;0;0;0;0;0;0;0;0;0;0;0;0;0.1;0;0;0;0;0;0;0;0;0;0
population;0;0;0;0;0.2;0;0;0;0;0.0769230769230769;0.2;0;0;0;0;0;0;0;0;0;0;0;0;0;0;0;0;0;0;0;0;0;0;0;0;0;0.24;0;0;0;0;0;0;0;0;0.0344827586206897;0;0;0;0;0.2;0;0;0;0;0;0;0;0;0;0;0;0.2;0.2;0;0.0454545454545455;0;0;0;0;0;0;0.2;0.2;0;0;0.222222222222222;0;0;0;0;0;0;0;0;0.130434782608696;0;0;0;0;0;0;0;0.111111111111111;0;0;0;0;0.2;0;0;0.25;1;0;0.5;0;0;0;0;0.5;0;0;0;0;0;0;0;0;0;0;0;0;0;0.2;0;0
high;0;0;0;0;0.0666666666666667;0;0;0;0;0.0256410256410256;0.0666666666666667;0;0;0;0;0;0;0;0;0;0;0;0;0;0;0;0;0;0;0;0;0;0;0;0;0;0.12;0;0;0;0;0;0;0;0;0;0;0;0;0;0.4;0;0;0;0;0;0;0;0;0;0;0;0;0;0;0;0;0;0;0;0;0;0;0.0666666666666667;0;0;0;0;0;0;0;0;0;0;0;0.0434782608695652;0;0;0;0;0;0;0;0;0;0;0;0;0;0;0;0;0;0;0;0;0;0;0;0;0;0;0;0;0;0;0;0;0;0;0;0;0;0.4;0;0
voters;0;0;0;0;0;0;0;0;0;0;0;0;0;0;0;0;0;0;0;0;0;0;0;0;0;0;0;0;0;0;0;0;0;0;0.1;0.04;0;0.0227272727272727;0.0625;0.1;0.1;0;0;0;0;0;0;0;0;0;0;0.0714285714285714;0.0476190476190476;0.1;0;0;0;0;0;0;0;0.1;0;0;0;0;0;0;0;0;0;0;0;0;0;0;0;0;0;0;0;0;0;0;0;0;0;0;0;0;0;0;0;0;0;0;0;0;0;0;0;0;0;0;0;0;0;0;0;0;0;0;0;0;0;0.1;0;0;0;0;0;0;0;0;0;0
registered;0;0;0;0;0;0;0;0;0;0;0;0;0;0;0;0;0;0;0;0;0;0;0;0;0;0;0;0;0;0;0;0;0;0;0.1;0.04;0;0.0227272727272727;0.0625;0.1;0.1;0;0;0;0;0;0;0;0;0;0;0.0714285714285714;0.0476190476190476;0.1;0;0;0;0;0;0;0;0.1;0;0;0;0;0;0;0;0;0;0;0;0;0;0;0;0;0;0;0;0;0;0;0;0;0;0;0;0;0;0;0;0;0;0;0;0;0;0;0;0;0;0;0;0;0;0;0;0;0;0;0;0;0;0.1;0;0;0;0;0;0;0;0;0;0
rainfall;0;0;0;0;0;0;0;0;0;0;0;0;0;0;0;0;0;0;0;0;0;0.0476190476190476;0;0;0;0;0;0;0;0;0;0;0;0;0;0;0;0;0;0;0;0;0;0;0;0;0;0;0;0;0;0;0;0;0;0;0;0;0;0;0;0;0;0;0;0;0;0;0;0;0;0;0;0;0;0;0;0;0;0;0;0;0;0;0;0;0;0;0;0;0;0;0;0;0;0;0;0;0;0;0;0;0;0;0;0;0;0;0;0;0;0;0;0;0;0;0;0;0;0;0;0;0;0;0;0
incident;0;0;0;0;0;0;0;0;0;0;0;0;0;0;0;0;0;0;0;0;0;0;0;0;0;0;0;0;0;0.0625;0;0;0;0;0;0;0;0;0;0;0;0.25;0;0;0;0;0;0;0;0;0;0;0;0;0;0;0;0;0;0;0;0;0;0;0;0;0;0;0;0;0;0;0;0;0;0;0;0;0;0;0;0;0;0;0;0;0;0;0;0;0;0;0;0;0;0;0;0;0;0;0;0;0;0;0;0;0;0;0;0;0;0;0;0;0;0;0;0;0;0;0;0;0;0;0;0
year's;0;0;0;0;0;0;0;0;0;0;0;0;0;0;0;0;0;0;0;0;0;0.0476190476190476;0;0;0;0;0;0;0;0;0;0;0;0;0;0;0;0;0;0;0;0;0.125;0;0;0;0;0;0;0;0;0;0;0;0;0;0;0;0;0;0;0;0;0;0;0;0;0;0;0;0;0;0;0;0;0;0;0;0;0;0;0;0;0;0;0.0434782608695652;0;0;0;0;0;0;0;0;0;0;0;0;0;0;0;0;0;0;0;0.125;0;0;0;0;0;0;0;0;0;0;0;0;0;0;0;0;0;0;0;0
land-use;0;0;0;0;0;0;0;0;0;0;0;0;0;0;0;0;0;0;0;0;0;0;0;0;0;0;0;0;0;0;0;0;0;0;0;0;0;0;0;0;0;0;0;0;0.5;0;0;0;0;0;0;0;0;0;0;0;0;0;0;0;0;0;0;0;0;0;0;0;0;0;0;0;0;0;0;0;0;0;0;0;0;0;0;0;0;0;0;0;0;0;0;0;0;0;0;0;0;0;0;0;0;0;0;0;0;0;0;0;0;0;0;0;0;0;0;0;0;0;0;0;0;0;0;0;0;0
drug;0;0;0;0;0;0;0;0;0;0;0;0;0;0;0;0;0;0;0;0;0;0;0;0;0;0;0;0;0;0;0;0;0;0;0;0;0;0;0;0;0;0;0;0;0;0;0;0.428571428571429;0;0.428571428571429;0;0;0;0;0;0;0;0;0;0;0;0;0;0;0;0;0;0;0;0;0;0;0;0;0;0;0;0;0;0;0;0;0;0;0;0;0;0;0;0;0;0;0;0;0;0;0;0;0;0;0;0;0;0;0;0;0;0;0;0;0;0;0;0;0;0;0;0;0;0;0;0;0;0;0;0
strict;0;0;0;0;0;0;0;0;0;0;0;0;0;0;0;0;0;0;0;0;0;0;0;0;0;0;0;0;0;0;0;0;0;0;0;0;0;0;0;0;0;0;0;0;0;0;0;0.428571428571429;0;0.428571428571429;0;0;0;0;0;0;0;0;0;0;0;0;0;0;0;0;0;0;0;0;0;0;0;0;0;0;0;0;0;0;0;0;0;0;0;0;0;0;0;0;0;0;0;0;0;0;0;0;0;0;0;0;0;0;0;0;0;0;0;0;0;0;0;0;0;0;0;0;0;0;0;0;0;0;0;0
noise;0;0;0;0;0;0;0.0588235294117647;0;0;0;0;0;0;0.04;0;0;0;0.0526315789473684;0;0;0;0;0;0;0;0.0588235294117647;0.0588235294117647;0;0;0;0;0;0;0;0;0;0;0;0;0;0;0;0;0.0588235294117647;0;0;0;0;0.0588235294117647;0;0;0;0;0;0;0;0;0;0;0;0;0;0;0;0;0;0;0;0;0;0;0;0;0;0;0;0;0;0;0;0;0;0;0;0;0;0;0;0;0;0;0;0;0;0.0588235294117647;0;0;0;0;0;0;0;0;0;0;0;0;0;0;0;0;0;0;0;0;0;0;0;0;0;0;0;0;0;0;0
limit;0;0;0;0;0;0;0.0588235294117647;0;0;0;0;0;0;0.04;0;0;0;0.0526315789473684;0;0;0;0;0;0;0;0.0588235294117647;0.0588235294117647;0;0;0;0;0;0;0;0;0;0;0;0;0;0;0;0;0.0588235294117647;0;0;0;0;0.0588235294117647;0;0;0;0;0;0;0;0;0;0;0;0;0;0;0;0;0;0;0;0;0;0;0;0;0;0;0;0;0;0;0;0;0;0;0;0;0;0;0;0;0;0;0;0;0;0.0588235294117647;0;0;0;0;0;0;0;0;0;0;0;0;0;0;0;0;0;0;0;0;0;0;0;0;0;0;0;0;0;0;0
speed;0;0;0;0;0;0;0.0588235294117647;0;0;0;0;0;0;0.04;0;0;0;0.0526315789473684;0;0;0;0;0;0;0;0.0588235294117647;0.0588235294117647;0;0;0;0;0;0;0;0;0;0;0;0;0;0;0;0;0.0588235294117647;0;0;0;0;0.0588235294117647;0;0;0;0;0;0;0;0;0;0;0;0;0;0;0;0;0;0;0;0;0;0;0;0;0;0;0;0;0;0;0;0;0;0;0;0;0;0;0;0;0;0;0;0;0;0.0588235294117647;0;0;0;0;0;0;0;0;0;0;0;0;0;0;0;0;0;0;0;0;0;0;0;0;0;0;0;0;0;0;0
intersections;0;0;0;0;0;0;0;0;0;0;0;0;0;0;0;0;0;0;0;0;0;0.0476190476190476;0;0;0;0;0;0;0;0.0625;0;0;0;0;0;0;0;0;0;0;0;0;0;0;0;0;0;0;0;0;0;0;0;0;0;0;0;0;0;0;0;0;0;0;0;0;0;0;0.0833333333333333;0;0.0833333333333333;0;0;0;0;0;0;0;0;0;0;0;0;0;0;0;0;0;0;0;0;0;0;0;0;0;0;0;0;0.0833333333333333;0;0;0;0.0384615384615385;0;0;0;0;0;0;0;0;0;0;0;0;0;0;0;0;0;0;0;0;0;0
residential;0;0;0;0;0.133333333333333;0;0;0;0;0.0512820512820513;0.133333333333333;0;0;0;0;0;0;0;0;0;0;0;0;0;0;0;0;0;0;0;0;0;0;0;0;0;0.12;0.0227272727272727;0;0;0;0;0;0;0;0;0;0;0;0;0.2;0;0;0;0;0.0714285714285714;0;0;0;0;0;0;0;0;0.0714285714285714;0;0;0.0714285714285714;0;0;0;0;0;0.133333333333333;0;0;0;0;0;0;0;0;0.0714285714285714;0;0;0.0869565217391304;0;0;0;0;0;0;0;0;0;0;0;0;0;0;0;0;0;0;0;0;0;0;0;0;0;0;0;0;0;0;0;0.0714285714285714;0.0714285714285714;0.0714285714285714;0;0;0;0.2;0;0
single-family;0;0;0;0;0;0;0;0;0;0;0;0;0;0;0;0;0;0;0;0;0;0;0;0;0;0;0;0;0;0;0;0;0;0;0;0;0.04;0;0;0;0;0;0;0;0;0;0;0;0;0;0.2;0;0;0;0;0;0;0;0;0;0;0;0;0;0;0;0;0;0;0;0;0;0;0;0;0;0;0;0;0;0;0;0;0;0;0;0;0;0;0;0;0;0;0;0;0;0;0;0;0;0;0;0;0;0;0;0;0;0;0;0;0;0;0;0;0;0;0;0;0;0;0;0;0.2;0;0
Vancouver;0;0;0;0;0;0;0;0;0;0;0;0;0;0;0;0;0;0;0;0;0;0;0;0;0;0;0;0;0;0;0;0;0;0;0.1;0.04;0;0.0227272727272727;0.0625;0.1;0.1;0;0;0;0;0;0;0;0;0;0;0.0714285714285714;0.19047619047619;0.1;0;0;0;0;0;0;0;0.1;0;0;0;0;0;0;0;0;0;0;0;0;0;0;0;0;0;0;0;0;0;0;0;0;0;0;0;0;0;0;0;0;0;0;0;0;0;0;0;0;0;0;0;0;0;0;0;0;0;0;0;0;0;0.1;0;0;0;0;0;0;0;0;0;0
Metro;0;0;0;0;0;0;0;0;0;0;0;0;0;0;0;0;0;0;0;0;0;0;0;0;0;0;0;0;0;0;0;0;0;0;0.1;0.04;0;0.0227272727272727;0.0625;0.1;0.1;0;0;0;0;0;0;0;0;0;0;0.0714285714285714;0.19047619047619;0.1;0;0;0;0;0;0;0;0.1;0;0;0;0;0;0;0;0;0;0;0;0;0;0;0;0;0;0;0;0;0;0;0;0;0;0;0;0;0;0;0;0;0;0;0;0;0;0;0;0;0;0;0;0;0;0;0;0;0;0;0;0;0;0.1;0;0;0;0;0;0;0;0;0;0
separation;0;0;0;0;0;0;0;0;0;0;0;0;0;0;0;0;0;0;0;0;0;0;0;0;0;0;0;0;0;0;0;0;0;0;0;0;0;0;0;0;0;0;0;0;0;0;0;0;0;0;0;0;0.0476190476190476;0;0;0;0;0;0;0;0;0;0;0;0;0;0;0;0;0;0;0;0;0;0;0;0;0;0;0;0;0;0;0;0;0;0;0;0;0;0;0;0;0;0;0;0;0;0;0;0;0;0;0;0;0;0;0;0;0;0;0;0;0;0;0;0;0;0;0;0;0;0;0;0;0
route;0;0;0;0;0;0;0;0;0;0;0;0;0;0;0;0;0;0;0;0;0;0;0;0;0;0;0;0;0;0;0;0;0;0;0;0;0;0;0;0;0;0;0;0;0;0;0;0;0;0;0;0;0.0476190476190476;0;0;0;0;0;0;0;0;0;0;0;0;0;0;0;0;0;0;0;0;0;0;0;0;0;0;0;0;0;0;0;0;0;0;0;0;0;0;0;0;0;0;0;0;0;0;0;0;0;0;0;0;0;0;0;0;0;0;0;0;0;0;0;0;0;0;0;0;0;0;0;0;0
bicycle;0;0;0;0;0;0;0;0;0;0;0;0;0;0;0;0;0;0;0;0;0;0;0;0;0;0;0;0;0;0;0;0;0;0;0;0;0;0;0;0;0;0;0;0;0;0;0;0;0;0;0;0;0.0476190476190476;0;0;0;0;0;0;0;0;0;0;0;0;0;0;0;0;0;0;0;0;0;0;0;0;0;0;0;0;0;0;0;0;0;0;0;0;0;0;0;0;0;0;0;0;0;0;0;0;0;0;0;0;0;0;0;0;0;0;0;0;0;0;0;0;0;0;0;0;0;0;0;0;0
bicycle-friendly;0;0;0;0;0;0;0;0;0;0;0;0;0;0;0;0;0;0;0;0;0;0;0;0.333333333333333;0;0;0;0;0;0;0;0;0;0;0;0;0;0;0;0;0;0;0;0;0;0;0;0;0;0;0;0.0714285714285714;0.0476190476190476;0;0;0;0;0;0;0;0;0;0;0;0;0;0;0;0;0;0;0;0;0;0;0;0;0;0;0;0;0;0;0;0;0;0;0;0;0;0;0;0;0;0;0;0;0;0;0;0;0;0;0;0;0;0;0;0;0;0;0;0;0;0;0;0;0;0;0;0;0;0;0;0;0
streets;0;0;0;0;0;0;0;0;0;0;0;0;0;0;0;0;0;0;0;0;0;0;0;0;0;0;0;0;0;0;0;0;0;0;0;0;0;0;0;0;0;0;0;0;0;0;0;0;0;0;0;0;0.0476190476190476;0;0;0;0;0;0;0;0;0;0;0;0;0;0;0;0;0;0;0;0;0;0;0;0;0;0;0;0;0;0;0;0;0;0;0;0;0;0;0;0;0;0;0;0;0;0;0;0;0;0;0;0;0;0;0;0;0;0;0;0;0;0;0;0;0;0;0;0;0;0;0;0;0
different;0;0;0;0;0;0;0;0.125;0;0;0;0;0;0.04;0;0;0.125;0;0;0;0;0.0476190476190476;0;0;0;0;0;0;0;0.0625;0;0;0;0;0.1;0.04;0;0.0454545454545455;0.0625;0.1;0.1;0;0;0;0;0;0;0;0;0;0;0.0714285714285714;0.0476190476190476;0.1;0.125;0;0;0;0;0;0;0.1;0;0;0;0.0454545454545455;0;0;0.0833333333333333;0;0.0833333333333333;0;0;0;0;0.2;0.111111111111111;0;0.2;0;0;0.0555555555555556;0;0;0;0;0;0;0;0;0;0;0;0;0;0;0.125;0;0;0.0833333333333333;0;0;0;0.0384615384615385;0;0;0;0.5;0;0;0;0;0;0;0;0.1;0;0;0;0;0;0;0;0;0;0
low;0;0;0;0;0.0666666666666667;0;0;0;0;0.0256410256410256;0.0666666666666667;0;0;0;0;0;0;0;0;0;0;0;0;0;0;0;0;0;0;0;0;0;0;0;0;0;0.04;0;0;0;0;0;0;0;0;0;0;0;0;0;0;0;0;0;0;0;0;0;0;0;0;0;0;0;0;0;0;0;0;0;0;0;0;0.0666666666666667;0;0;0;0;0;0;0;0;0;0;0;0.0434782608695652;0;0;0;0;0;0;0;0;0;0;0;0;0;0;0;0;0;0;0;0;0;0;0;0;0;0;0;0;0;0;0;0;0;0;0;0;0;0;0;0
primary;0;0;0;0;0;0;0;0;0;0;0;0;0;0;0;0;0;0;0;0;0;0;0;0;0;0;0;0;0;0;0;0;0;0;0;0;0;0;0;0;0;0;0;0;0;0;0.75;0;0;0;0;0;0;0;0;0;0;0;0;0;0;0;0;0;0;0;0;0;0;0;0;0;0;0;0;0;0;0;0;0;0;0;0;0;0;0;0;0;0;0;0;0;0;0;0;0;0;0;0;0;0;0;0;0;0;0;0;0;0;0;0;0;0;0;0;0;0;0;0;0;0;0;0;0;0;0
is;0;0;0;0;0;0;0;0;0;0;0;0;0;0;0;0;0;0;0;0;0;0;0;0;0;0;0;0;0;0;0;0;0;0;0;0;0;0;0;0;0;0;0;0;0;0;0;0;0;0;0;0;0;0;0;0;1;0;0;0;0;0;0;0;0;0;0;0;0;0;0;0;0;0;0;0;0;0;0;0;0;0;0;0;0;0;0;0;0;0;0;0;0;0;0;0;0;0;0;0;0;0;0;0;0;0;0;0;0;0;0;0;0;0;0;0;0;0;0;0;0;0;0;0;0;0
carbon;0;0;0;0;0;0;0;0;0;0;0;0;0;0;0;0;0;0;0;0;0;0;0;0;0;0;0;0;0;0;0;0;0;0;0;0;0;0;0;0;0;0;0;0;0;0;0;0;0;0;0;0;0;0;0;0;0;1;0;0;0;0;0;0;0;0;0;0;0;0;0;0;0;0;0;0;0;0;0;0;0;0;0;0;0;0;0;0;0;0;0;0;0;0;0;0;0;0;0;0;0;0;0;0;0;0;0;0;0;0;0;0;0;0;0;0;1;0;0;0;0;0;0;0;0;0
paddy;0;0;0;0;0;0;0;0;0;0;0;0;0;0;0;0;0;0;0;0;0;0;0;0;0;0;0;0;0;0;0;0;0;0;0;0;0;0;0;0;0;0;0;0;0;0;0;0;0;0;0;0;0;0;0;0;0;0;0.5;0.5;0.5;0;0;0;0;0;0;0;0;0;0;0;0;0;0;0;0;0;0;0;0;0;0;0;0;0;0;0;0;0;0;0;0;0;0;0;0;0;0;0;0;0;0;0;0;0;0;0;0;0;0;0;0;0;0;0;0;0;0;0;0;0;0;0;0;0
agricultural;0;0;0;0;0;0;0;0;0;0;0;0;0;0;0;0;0;0;0;0;0;0;0;0;0;0;0;0;0;0;0;0;0;0;0;0;0;0;0;0;0;0;0;0;0;0;0;0;0;0;0;0;0;0;0;0;0;0;0.5;0.5;0.5;0;0;0;0;0;0;0;0;0;0;0;0;0;0;0;0;0;0;0;0;0;0;0;0;0;0;0;0;0;0;0;0;0;0;0;0;0;0;0;0;0;0;0;0;0;0;0;0;0;0;0;0;0;0;0;0;0;0;0;0;0;0;0;0;0
metro;0;0.2;0;0;0;0;0;0;0;0;0;0;0;0;0;0;0;0;0;0;0;0;0;0;0;0;0;0;0;0;0;0;0;0;0;0;0;0;0;0;0;0;0;0;0;0;0;0;0;0;0;0;0;0;0;0;0;0;0;0;0;0;0;0;0;0;0;0;0;0;0;0;0;0;0;0;0;0;0;0;0;0;0;0;0;0;0;0;0;0;0;0;0;0;0;0;0;0;0;0;0;0;0;0;0;0;0;0;0;0;0;0;0;0;0;0;0;0;0;0;0;0;0;0;0;0
services;0;0;0;0;0;0;0;0;0;0;0;0;0;0;0;0;0;0;0;0;0;0;0;0;0;0;0;0;0;0;0;0;0;0;0;0;0;0;0.0625;0;0;0;0;0;0;0;0;0;0;0;0;0;0;0;0;0;0;0;0;0;0;0;0;0;0;0;0.166666666666667;0;0;0;0;0;0;0;0;0;0;0;0;0;0;0;0;0;0;0;0;0;0;0;0;0;0;0;0;0;0;0;0;0;0;0;0;0;0;0;0;0;0;0;0;0;0;0;0;0;0;0;0;0;0;0;0;0;0;0
outpatient;0;0;0;0;0;0;0;0;0;0;0;0;0;0;0;0;0;0;0;0;0;0;0;0;0;0;0;0;0;0;0;0;0;0;0;0;0;0;0.0625;0;0;0;0;0;0;0;0;0;0;0;0;0;0;0;0;0;0;0;0;0;0;0;0;0;0;0;0.166666666666667;0;0;0;0;0;0;0;0;0;0;0;0;0;0;0;0;0;0;0;0;0;0;0;0;0;0;0;0;0;0;0;0;0;0;0;0;0;0;0;0;0;0;0;0;0;0;0;0;0;0;0;0;0;0;0;0;0;0;0
IndoPop;0;0;0;0;0;0;0;0;0;0;0;0;0;0;0;0;0;0;0;0;0;0;0;0;0;0;0;0;0;0;0;0;0;0;0.1;0.04;0;0.0227272727272727;0.0625;0.1;0.1;0;0;0;0;0;0;0;0;0;0;0.0714285714285714;0.0476190476190476;0.1;0;0;0;0;0;0;0;0.1;0;0;0;0;0;0;0;0;0;0;0;0;0;0;0;0;0;0;0;0;0;0;0;0;0;0;0;0;0;0;0;0;0;0;0;0;0;0;0;0;0;0;0;0;0;0;0;0;0;0;0;0;0;0.1;0;0;0;0;0;0;0;0;0;0
determine;0;0;0;0;0;0;0;0;0;0;0;0;0;0;0;0;0;0;0;0;0;0;0;0;0;0;0;0;0;0;0;0;0;0;0;0;0;0;0;0;0;0;0;0;0;0.0344827586206897;0;0;0;0;0;0;0;0;0;0;0;0;0;0;0;0;0.2;0.2;0;0;0;0;0;0;0;0;0.2;0;0;0;0;0;0;0;0;0;0;0;0;0;0;0;0;0;0;0;0;0;0;0;0;0;0.2;0;0;0.125;0;0;0;0;0;0;0;0;0;0;0;0;0;0;0;0;0;0;0;0;0;0;0;0
physician;0;0;0;0;0;0;0;0;0;0;0;0;0;0;0;0;0;0;0;0;0;0;0;0;0;0;0;0;0;0;0;0;0;0;0;0;0;0.0454545454545455;0;0;0;0;0;0;0;0;0;0;0;0;0;0;0;0;0;0.142857142857143;0;0;0;0;0;0;0;0;0.142857142857143;0;0;0.142857142857143;0;0;0;0;0;0;0;0;0;0;0;0;0;0;0.142857142857143;0;0;0;0;0;0;0;0;0;0;0;0;0;0;0;0;0;0;0;0;0;0;0;0;0;0;0;0;0;0;0;0;0;0;0.142857142857143;0.142857142857143;0.142857142857143;0;0;0;0;0;0
family;0;0;0;0;0;0;0;0;0;0;0;0;0;0;0;0;0;0;0;0;0;0;0;0;0;0;0;0;0;0;0;0;0;0;0;0;0;0.0454545454545455;0;0;0;0;0;0;0;0;0;0;0;0;0;0;0;0;0;0.142857142857143;0;0;0;0;0;0;0;0;0.142857142857143;0;0;0.142857142857143;0;0;0;0;0;0;0;0;0;0;0;0;0;0;0.142857142857143;0;0;0;0;0;0;0;0;0;0;0;0;0;0;0;0;0;0;0;0;0;0;0;0;0;0;0;0;0;0;0;0;0;0;0.142857142857143;0.142857142857143;0.142857142857143;0;0;0;0;0;0
spatial;0;0;0;0;0;0;0;0;0;0.0256410256410256;0;0;0;0;0;0;0;0;0;0;0;0;0;0;0;0;0;0;0;0;0;0;0;0;0;0;0;0;0;0;0;0;0;0;0;0.0344827586206897;0;0;0;0;0;0;0;0;0;0;0;0;0;0;0;0;0;0;0;0.0909090909090909;0;0;0;0;0;0.1;0;0;0;0;0;0;0;0;0;0.0555555555555556;0;0;0;0;0;0;0;0;0.1;0.1;0;0;0;0.5;0;0;0;0;0.5;0;0;0;0;0;0;0;0;0;0.1;0;0;0;0;0;0;0;0;0;0.1;0.1;0.1;0;0;0
private;0;0;0;0;0;0;0;0;0;0;0;0;0;0;0;0;0;0;0;0;0;0;0;0;0;0;0;0;0;0;0;0;0;0;0;0;0;0;0.125;0;0;0;0;0;0;0;0;0;0;0;0;0;0;0;0;0;0;0;0;0;0;0;0;0;0;0;0.333333333333333;0;0;0;0;0;0;0;0;0;0;0;0;0;0;0;0;0;0;0;0;0;0;0;0;0;0;0;0;0;0;0;0;0;0;0;0;0;0;0;0;0;0;0;0;0;0;0;0;0;0;0;0;0;0;0;0;0;0;0
geo-tagged;0;0;0;0;0;0;0;0;0;0;0;0;0;0;0;0;0;0;0;0;0;0.0476190476190476;0;0;0;0;0;0;0;0.0625;0;0;0;0;0;0;0;0;0;0;0;0;0;0;0;0;0;0;0;0;0;0;0;0;0;0;0;0;0;0;0;0;0;0;0;0;0;0;0.0833333333333333;0;0.0833333333333333;0;0;0;0;0;0;0;0;0;0;0;0;0;0;0;0;0;0;0;0;0;0;0;0;0;0;0;0;0.0833333333333333;0;0;0;0.0384615384615385;0;0;0;0;0;0;0;0;0;0;0;0;0;0;0;0;0;0;0;0;0;0
upon;0;0;0;0;0;0;0;0;0;0;0;0;0;0;0;0;0;0;0;0;0;0.0476190476190476;0;0;0;0;0;0;0;0.0625;0;0;0;0;0;0;0;0;0;0;0;0;0;0;0;0;0;0;0;0;0;0;0;0;0;0;0;0;0;0;0;0;0;0;0;0;0;0;0.0833333333333333;0;0.0833333333333333;0;0;0;0;0;0;0;0;0;0;0;0;0;0;0;0;0;0;0;0;0;0;0;0;0;0;0;0;0.0833333333333333;0;0;0;0.0384615384615385;0;0;0;0;0;0;0;0;0;0;0;0;0;0;0;0;0;0;0;0;0;0
based;0;0;0;0;0;0;0;0;0;0;0;0;0;0;0;0;0;0;0;0;0;0.0476190476190476;0;0;0;0;0;0;0;0.0625;0;0;0;0;0;0;0;0;0;0;0;0;0;0;0;0;0;0;0;0;0;0;0;0;0;0;0;0;0;0;0;0;0;0;0;0;0;0;0.0833333333333333;0;0.0833333333333333;0;0;0;0;0;0;0;0;0;0;0;0;0;0;0;0;0;0;0;0;0;0;0;0;0;0;0;0;0.0833333333333333;0;0;0;0.0384615384615385;0;0;0;0;0;0;0;0;0;0;0;0;0;0;0;0;0;0;0;0;0;0
individuals;0;0;0;0;0;0;0;0;0;0;0;0;0;0;0;0;0;0;0;0;0;0.0476190476190476;0;0;0;0;0;0;0;0.0625;0;0;0;0;0;0;0;0;0;0;0;0;0;0;0;0;0;0;0;0;0;0;0;0;0;0;0;0;0;0;0;0;0;0;0;0;0;0;0.0833333333333333;0;0.0833333333333333;0;0;0;0;0;0;0;0;0;0;0;0;0;0;0;0;0;0;0;0;0;0;0;0;0;0;0;0;0.0833333333333333;0;0;0;0.0384615384615385;0;0;0;0;0;0;0;0;0;0;0;0;0;0;0;0;0;0;0;0;0;0
mid-Qing;0;0;0;0.0714285714285714;0;0;0;0;0;0.0256410256410256;0;0;0;0;0;0.0714285714285714;0;0;0;0;0;0;0;0;0;0;0;0;0;0;0;0;0;0;0;0;0;0;0;0;0;0;0;0;0;0.0344827586206897;0;0;0;0;0;0;0;0;0;0;0;0;0;0;0;0;0;0;0;0;0;0;0;0.0714285714285714;0;0;0;0;0;0;0;0;0;0;0;0;0;0;0;0;0;0.0714285714285714;0;0;0;0;0;0.0555555555555556;0;0;0;0;0;0;0;0;0;0.0384615384615385;0;0;0;0;0;0;0;0;0;0;0;0;0;0;0;0;0;0;0;0;0;0
during;0;0;0;0.0714285714285714;0;0;0;0;0;0.0256410256410256;0;0;0;0;0;0.0714285714285714;0;0;0;0;0;0;0;0;0;0;0;0;0;0;0;0;0;0;0;0;0;0;0;0;0;0;0;0;0;0.0344827586206897;0;0;0;0;0;0;0;0;0;0;0;0;0;0;0;0;0;0;0;0;0;0;0;0.0714285714285714;0;0;0;0;0;0;0;0;0;0;0;0;0;0;0;0;0;0.0714285714285714;0;0;0;0;0;0.0555555555555556;0;0;0;0;0;0;0;0;0;0.0384615384615385;0;0;0;0;0;0;0;0;0;0;0;0;0;0;0;0;0;0;0;0;0;0
Province;0;0;0;0.0714285714285714;0;0;0;0;0;0.0256410256410256;0;0;0;0;0;0.0714285714285714;0;0;0;0;0;0;0;0;0;0;0;0;0;0;0;0;0;0;0;0;0;0;0;0;0;0;0;0;0;0.0344827586206897;0;0;0;0;0;0;0;0;0;0;0;0;0;0;0;0;0;0;0;0;0;0;0;0.0714285714285714;0;0;0;0;0;0;0;0;0;0;0;0;0;0;0;0;0;0.0714285714285714;0;0;0;0;0;0.0555555555555556;0;0;0;0;0;0;0;0;0;0.0384615384615385;0;0;0;0;0;0;0;0;0;0;0;0;0;0;0;0;0;0;0;0;0;0
Jiangsu;0;0;0;0.0714285714285714;0;0;0;0;0;0.0256410256410256;0;0;0;0;0;0.0714285714285714;0;0;0;0;0;0;0;0;0;0;0;0;0;0;0;0;0;0;0;0;0;0;0;0;0;0;0;0;0;0.0344827586206897;0;0;0;0;0;0;0;0;0;0;0;0;0;0;0;0;0;0;0;0;0;0;0;0.0714285714285714;0;0;0;0;0;0;0;0;0;0;0;0;0;0;0;0;0;0.0714285714285714;0;0;0;0;0;0.0555555555555556;0;0;0;0;0;0;0;0;0;0.0384615384615385;0;0;0;0;0;0;0;0;0;0;0;0;0;0;0;0;0;0;0;0;0;0
food;0;0;0;0;0;0;0;0;0;0;0;0;0;0;0;0;0;0;0;0;0;0.0476190476190476;0;0;0;0;0;0;0;0.0625;0;0;0;0;0;0;0;0;0;0;0;0;0;0;0;0;0;0;0;0;0;0;0;0;0;0;0;0;0;0;0;0;0;0;0;0;0;0;0.0833333333333333;0;0.0833333333333333;0;0;0;0;0;0;0;0;0;0;0;0;0;0;0;0;0;0;0;0;0;0;0;0;0;0;0;0;0.0833333333333333;0;0;0;0.0384615384615385;0;0;0;0;0;0;0;0;0;0;0;0;0;0;0;0;0;0;0;0;0;0
healthy;0;0;0;0;0;0;0;0;0;0;0;0;0;0;0;0;0;0;0;0;0;0.0476190476190476;0;0;0;0;0;0;0;0.0625;0;0;0;0;0;0;0;0;0;0;0;0;0;0;0;0;0;0;0;0;0;0;0;0;0;0;0;0;0;0;0;0;0;0;0;0;0;0;0.0833333333333333;0;0.0833333333333333;0;0;0;0;0;0;0;0;0;0;0;0;0;0;0;0;0;0;0;0;0;0;0;0;0;0;0;0;0.0833333333333333;0;0;0;0.0384615384615385;0;0;0;0;0;0;0;0;0;0;0;0;0;0;0;0;0;0;0;0;0;0
relative;0;0;0;0;0;0;0;0;0;0;0;0;0;0;0;0;0;0;0;0;0;0.0476190476190476;0;0;0;0;0;0;0;0.0625;0;0;0;0;0;0;0;0;0;0;0;0;0;0;0;0;0;0;0;0;0;0;0;0;0;0;0;0;0;0;0;0;0;0;0;0;0;0;0.0833333333333333;0;0.0833333333333333;0;0;0;0;0;0;0;0;0;0;0;0;0;0;0;0;0;0;0;0;0;0;0;0;0;0;0;0;0.0833333333333333;0;0;0;0.0384615384615385;0;0;0;0;0;0;0;0;0;0;0;0;0;0;0;0;0;0;0;0;0;0
walking;0;0;0;0;0;0;0.0588235294117647;0;0;0;0;0;0;0.04;0;0;0;0.0526315789473684;0;0;0;0;0;0;0;0.0588235294117647;0.0588235294117647;0;0;0;0;0;0;0;0;0;0;0;0;0;0;0;0;0.0588235294117647;0;0;0;0;0.0588235294117647;0;0;0;0;0;0;0;0;0;0;0;0;0;0;0;0;0;0;0;0;0;0;0;0;0;0;0;0;0;0;0;0;0;0;0;0;0;0;0;0;0;0;0;0;0;0.0588235294117647;0;0;0;0;0;0;0;0;0;0;0;0;0;0;0;0;0;0;0;0;0;0;0;0;0;0;0;0;0;0;0
are;0;0;0;0;0;0;0;0;0;0;0;0;0;0;0;0;0;0;0;0;0;0;0;0;0;0;0;0;0;0;0;0;0;0;0;0;0;0;0;0;0;0;0;0;0;0.0344827586206897;0;0;0;0;0;0;0;0;0;0;0;0;0;0;0;0;0.2;0.2;0;0;0;0;0;0;0;0;0.2;0;0;0;0;0;0;0;0;0;0;0;0;0;0;0;0;0;0;0;0;0;0;0;0;0;0.2;0;0;0.125;0;0;0;0;0;0;0;0;0;0;0;0;0;0;0;0;0;0;0;0;0;0;0;0
High-Speed;0;0;0;0;0.0666666666666667;0;0;0;0;0.0256410256410256;0.0666666666666667;0;0;0;0;0;0;0;0;0;0;0;0;0;0;0;0;0;0;0;0;0;0;0;0;0;0.04;0;0;0;0;0;0;0;0;0;0;0;0;0;0;0;0;0;0;0;0;0;0;0;0;0;0;0;0;0;0;0;0;0;0;0;0;0.0666666666666667;0;0;0;0;0;0;0;0;0;0;0;0.0434782608695652;0;0;0;0;0;0;0;0;0;0;0;0;0;0;0;0;0;0;0;0;0;0;0;0;0;0;0;0;0;0;0;0;0;0;0;0;0;0;0;0
geographic;0;0;0;0;0;0;0;0.125;0;0;0;0;0;0.04;0;0;0.125;0;0;0;0;0;0;0;0;0;0;0;0;0;0;0;0;0;0;0;0;0;0;0;0;0;0;0;0;0;0;0;0;0;0;0;0;0;0.125;0;0;0;0;0;0;0;0;0;0;0.0454545454545455;0;0;0;0;0;0;0;0;0;0;0;0;0;0;0;0.0555555555555556;0;0;0;0;0;0;0;0;0;0;0;0;0;0;0.125;0;0;0;0;0;0;0;0;0;0;0;0;0;0;0;0;0;0;0;0;0;0;0;0;0;0;0;0;0
aging;0;0;0;0;0;0;0;0;0;0;0;0;0;0;0;0;0;0;0;0.0666666666666667;0.0666666666666667;0;0;0;0;0;0;0.0666666666666667;0;0;0;0;0;0;0;0.04;0.08;0.0227272727272727;0;0;0;0;0;0;0;0;0;0;0;0;0;0;0;0;0;0;0;0;0;0;0;0;0;0;0;0;0;0;0;0;0;0;0;0;0.0666666666666667;0;0;0;0;0;0;0;0;0;0;0;0;0;0;0.0666666666666667;0;0;0.0666666666666667;0;0;0;0;0.0588235294117647;0;0;0;0;0;0;0;0;0.0666666666666667;0;0;0;0;0.0666666666666667;0;0;0;0;0;0;0;0;0;0;0;0;0.0666666666666667;0
areal;0;0;0;0;0;0;0;0;0;0;0;0;0;0;0;0;0;0;0;0;0;0;0;0;0;0;0;0;0;0;0;0;0;0;0.1;0.04;0;0.0454545454545455;0.0625;0.1;0.1;0;0;0;0;0;0;0;0;0;0;0.0714285714285714;0.0476190476190476;0.1;0;0;0;0;0;0;0;0.1;0;0;0;0;0;0;0;0;0;0;0;0;0;0.2;0.111111111111111;0;0.2;0;0;0;0;0;0;0;0;0;0;0;0;0;0;0;0;0;0;0;0;0;0;0;0;0;0;0;0;0;0;0;0;0;0;0;0;0.1;0;0;0;0;0;0;0;0;0;0
ratio;0;0;0;0;0;0;0;0;0;0;0;0;0;0;0;0;0;0;0;0;0;0;0;0;0;0;0;0;0;0;0;0;0;0;0;0;0.04;0;0;0;0;0;0;0;0;0;0;0;0;0;0;0;0;0;0;0;0;0;0;0;0;0;0;0;0;0;0;0;0;0;0;0;0;0;0;0;0;0;0;0;0;0;0;0;0;0;0;0;0;0;0;0;0;0;0;0;0;0;0;0;0;0;0;0;0;0;0;0;0;0;0;0;0;0;0;0;0;0;0;0;0;0;0;0;0;0
sidewalk;0;0;0;0;0;0;0;0;0;0;0;0;0;0;0;0;0;0;0;0;0;0;0;0;0;0;0;0;0;0;0;0;0;0;0;0;0;0.0227272727272727;0;0;0;0;0;0;0;0;0;0;0;0;0;0;0;0;0;0;0;0;0;0;0;0;0;0;0;0;0;0;0;0;0;0;0;0;0;0.2;0.111111111111111;0;0.2;0;0;0;0;0;0;0;0;0;0;0;0;0;0;0;0;0;0;0;0;0;0;0;0;0;0;0;0;0;0;0;0;0;0;0;0;0;0;0;0;0;0;0;0;0;0;0
tract;0;0;0;0;0;0;0;0;0;0;0;0;0;0;0;0;0;0;0;0;0;0;0;0;0;0;0;0;0;0;0;0;0;0;0;0;0;0.0227272727272727;0;0;0;0;0;0;0;0;0;0;0;0;0;0;0;0;0;0;0;0;0;0;0;0;0;0;0;0;0;0;0;0;0;0;0;0;0;0.2;0.111111111111111;0;0.2;0;0;0;0;0;0;0;0;0;0;0;0;0;0;0;0;0;0;0;0;0;0;0;0;0;0;0;0;0;0;0;0;0;0;0;0;0;0;0;0;0;0;0;0;0;0;0
people;0;0;0;0;0;0;0;0;0;0;0;0;0;0;0;0;0;0;0;0;0;0;0;0;0;0;0;0;0;0;0;0;0;0;0;0;0;0;0;0;0;0;0;0;0;0;0;0;0;0;0;0;0;0;0;0;0;0;0;0;0;0;0;0;0;0;0;0;0;0;0;0;0;0;0;0;0;1;0;0;0;0;0;0;0;0;0;0;0;0;0;0;0;0;0;0;0;0;0;0;0;0;0;0;0;0;0;0;0;0;0;0;0;0;0;0;0;0;0;0;0;0;0;0;0;0
retailing;0;0;0;0;0;0;0;0;0;0;0;0;0;0;0;0;0;0;0;0;0;0;0;0;0;0;0;0;0;0;0;0;0;0;0;0;0;0;0;0;0;0;0;0;0;0;0;0;0;0;0;0;0;0;0;0;0;0;0;0;0;0;0;0;0;0;0;0;0;0;0;0;0;0;0;0;0;0;0;1;0;0;0;0;0;0;0;0;0;0;0;0;0;0;0;0;0;0;0;0;0;0;0;0;0;0;0;0;0;0;0;0;0;0;0;0;0;0;0;0;0;0;0;0;0;0
Minkowski;0;0;0;0;0;0;0;0;0;0;0;0;0;0;0;0;0;0;0;0;0;0;0;0;0;0;0;0;0;0;0;0;0;0;0;0;0;0;0;0;0;0;0;0;0;0;0;0;0;0;0;0;0;0;0;0;0;0;0;0;0;0;0;0;0;0;0;0;0;0;0;0;0;0;0;0;0;0;0;0;1;0;0;0;0;0;0;0;0;0;0;0;0;0;0;0;0;0;0;0;0;0;0;0;0;0;0;0;0;0;0;0;0;0;0;0;0;0;0;0;0;0;0;0;0;0
household;0;0;0;0;0;0;0;0.25;0;0;0;0;0;0.08;0;0;0.25;0;0;0;0;0;0;0;0;0;0;0;0;0;0;0;0;0;0;0;0;0;0;0;0;0;0;0;0;0;0;0;0;0;0;0;0;0;0.25;0;0;0;0;0;0;0;0;0;0;0.0909090909090909;0;0;0;0;0;0;0;0;0;0;0;0;0;0;0;0.111111111111111;0;0;0;0;0;0;0;0;0;0;0;0;0;0;0.25;0;0;0;0;0;0;0;0;0;0;0;0;0;0;0;0;0;0;0;0;0;0;0;0;0;0;0;0;0
grocery;0;0;0;0;0;0;0;0;0;0;0;0;0;0;0;0;0;0;0;0;0;0;0;0;0;0;0;0;0;0;0;0;0;0;0;0;0;0.0227272727272727;0;0;0;0;0;0;0;0;0;0;0;0;0;0;0;0;0;0.0714285714285714;0;0;0;0;0;0;0;0;0.0714285714285714;0;0;0.0714285714285714;0;0;0;0;0;0;0;0;0;0;0;0;0;0;0.0714285714285714;0;0;0;0;0;0;0;0;0;0;0;0;0;0;0;0;0;0;0;0;0;0;0;0;0;0;0;0;0;0;0;0;0;0;0.0714285714285714;0.0714285714285714;0.0714285714285714;0;0;0;0;0;0
affordable;0;0;0;0;0;0;0;0;0;0;0;0;0;0;0;0;0;0;0;0;0;0;0;0;0;0;0;0;0;0;0;0;0;0;0;0;0;0.0227272727272727;0;0;0;0;0;0;0;0;0;0;0;0;0;0;0;0;0;0.0714285714285714;0;0;0;0;0;0;0;0;0.0714285714285714;0;0;0.0714285714285714;0;0;0;0;0;0;0;0;0;0;0;0;0;0;0.0714285714285714;0;0;0;0;0;0;0;0;0;0;0;0;0;0;0;0;0;0;0;0;0;0;0;0;0;0;0;0;0;0;0;0;0;0;0.0714285714285714;0.0714285714285714;0.0714285714285714;0;0;0;0;0;0
geographical;0;0;0;0;0;0;0;0;0;0;0;0;0;0;0;0;0;0;0;0;0;0;0;0;0;0;0;0;0;0;0;0;0;0;0;0;0;0;0;0;0;0;0;0;0;0;0;0;0;0;0;0;0;0;0;0;0;0;0;0;0;0;0;0;0;0;0;0;0;0;0;0;0;0;0;0;0;0;0;0;0;0;0;1;0;0;0;0;0;0;0;0;0;0;0;0;0;0;0;0;0;0;0;0;0;0;0;0;0;0;0;0;0;0;0;0;0;0;0;0;0;0;0;0;0;0
low-class;0;0;0;0;0;0;0;0;0;0;0;0;0;0;0;0;0;0;0;0;0;0;0;0;0;0;0;0;0;0;0;0;0;0;0;0;0;0;0;0;0;0;0;0;0;0;0;0;0;0;0;0;0;0;0;0;0;0;0;0;0;0;0;0;0;0;0;0;0;0;0;0;0;0;0;0;0;0;0;0;0;0;0;0;1;0;0;0;0;0;0;0;0;0;0;0;0;0;0;0;0;0;0;0;0;0;0;0;0;0;0;0;0;0;0;0;0;0;0;0;0;0;0;0;0;0
housing;0;0;0;0;0;0;0;0;0;0;0;0;0;0;0;0;0;0;0;0;0;0.0476190476190476;0;0;0;0;0;0;0;0;0;0;0;0;0;0;0;0;0;0;0;0;0.125;0;0;0;0;0;0;0;0;0;0;0;0;0;0;0;0;0;0;0;0;0;0;0;0;0;0;0;0;0;0;0;0;0;0;0;0;0;0;0;0;0;0;0.0434782608695652;0;0;0;0;0;0;0;0;0;0;0;0;0;0;0;0;0;0;0;0.125;0;0;0;0;0;0;0;0;0;0;0;0;0;0;0;0;0;0;0;0
school;0;0;0;0;0;0;0;0;0;0;0;0;0;0;0;0;0;0;0;0;0;0.0476190476190476;0;0;0;0;0;0;0;0;0;0;0;0;0;0;0;0;0;0;0;0;0.125;0;0;0;0;0;0;0;0;0;0;0;0;0;0;0;0;0;0;0;0;0;0;0;0;0;0;0;0;0;0;0;0;0;0;0;0;0;0;0;0;0;0;0.0434782608695652;0;0;0;0;0;0;0;0;0;0;0;0;0;0;0;0;0;0;0;0.125;0;0;0;0;0;0;0;0;0;0;0;0;0;0;0;0;0;0;0;0
racial;0;0;0;0;0.133333333333333;0;0;0;0;0.0512820512820513;0.133333333333333;0;0;0;0;0;0;0;0;0;0;0;0;0;0;0;0;0;0;0;0;0;0;0;0;0;0.08;0;0;0;0;0;0;0;0;0;0;0;0;0;0;0;0;0;0;0;0;0;0;0;0;0;0;0;0;0;0;0;0;0;0;0;0;0.133333333333333;0;0;0;0;0;0;0;0;0;0;0;0.0869565217391304;1;0;0;0;0;0;0;0;0;0;0;0;0;0;0;0;0;0;0;0;0;0;0;0;0;0;0;0;0;0;0;0;0;0;0;0;0;0;0;0
ecological;0;0;0;0.0714285714285714;0;0;0;0;0;0.0256410256410256;0;0;0;0;0;0.0714285714285714;0;0;0;0;0;0;0;0;0;0;0;0;0;0;0;0;0;0;0;0;0;0;0;0;0;0;0;0;0;0.0344827586206897;0;0;0;0;0;0;0;0;0;0;0;0;0;0;0;0;0;0;0;0;0;0;0;0.0714285714285714;0;0;0;0;0;0;0;0;0;0;0;0;0;0;0;0;0;0.0714285714285714;0;0;0;0;0;0.0555555555555556;0;0;0;0;0;0;0;0;0;0.0384615384615385;0;0;0;0;0;0;0;0;0;0;0;0;0;0;0;0;0;0;0;0;0;0
heterogeneous;0;0;0;0.0714285714285714;0;0;0;0;0;0.0256410256410256;0;0;0;0;0;0.0714285714285714;0;0;0;0;0;0;0;0;0;0;0;0;0;0;0;0;0;0;0;0;0;0;0;0;0;0;0;0;0;0.0344827586206897;0;0;0;0;0;0;0;0;0;0;0;0;0;0;0;0;0;0;0;0;0;0;0;0.0714285714285714;0;0;0;0;0;0;0;0;0;0;0;0;0;0;0;0;0;0.0714285714285714;0;0;0;0;0;0.0555555555555556;0;0;0;0;0;0;0;0;0;0.0384615384615385;0;0;0;0;0;0;0;0;0;0;0;0;0;0;0;0;0;0;0;0;0;0
rural;0;0;0;0;0;0;0;0;0;0;0;0;0;0;0;0;0;0;0;0;0;0;0;0;0;0;0;0;0;0;0;0;0;0;0;0;0;0;0;0;0;0;0;0;0;0;0;0;0;0;0;0;0;0;0;0;0;0;0;0;0;0;0;0;0;0;0;0;0;0;0;0;0;0;0;0;0;0;0;0;0;0;0;0;0;0;0;0;0.0833333333333333;0;0;0;0;0;0;0;0;0;0;0;0;0;0;0;0;0;0;0;0;0;0;0;0;0.0833333333333333;0;0;0;0;0;0;0;0;0;0;0;0
(SRH);0;0;0;0;0;0;0;0;0;0;0;0;0;0;0;0;0;0;0;0;0;0;0;0;0;0;0;0;0;0;0;0;0;0;0;0;0;0.0227272727272727;0;0;0;0;0;0;0;0;0;0;0;0;0;0;0;0;0;0.0714285714285714;0;0;0;0;0;0;0;0;0.0714285714285714;0;0;0.0714285714285714;0;0;0;0;0;0;0;0;0;0;0;0;0;0;0.0714285714285714;0;0;0;0;0;0;0;0;0;0;0;0;0;0;0;0;0;0;0;0;0;0;0;0;0;0;0;0;0;0;0;0;0;0;0.0714285714285714;0.0714285714285714;0.0714285714285714;0;0;0;0;0;0
health;0;0;0;0;0;0;0;0;0;0;0;0;0;0;0;0;0;0;0;0.133333333333333;0.133333333333333;0;0;0;0;0;0;0.133333333333333;0;0;0;0;0;0;0;0.08;0;0.0681818181818182;0;0;0;0;0;0;0;0;0;0;0;0;0;0;0;0;0;0.0714285714285714;0;0;0;0;0;0;0;0;0.0714285714285714;0;0;0.0714285714285714;0;0;0;0;0;0;0.133333333333333;0;0;0;0;0;0;0;0.0714285714285714;0;0;0;0;0;0;0.133333333333333;0;0;0.133333333333333;0;0;0;0;0.117647058823529;0;0;0;0;0;0;0;0;0.133333333333333;0;0;0;0;0.133333333333333;0;0;0;0;0;0.0714285714285714;0.0714285714285714;0.0714285714285714;0;0;0;0;0.133333333333333;0
reproductive;0;0;0;0;0;0;0;0;0;0;0;0;0;0;0;0;0;0;0;0;0;0;0;0;0;0;0;0;0;0;0;0;0;0;0;0;0;0.0227272727272727;0;0;0;0;0;0;0;0;0;0;0;0;0;0;0;0;0;0.0714285714285714;0;0;0;0;0;0;0;0;0.0714285714285714;0;0;0.0714285714285714;0;0;0;0;0;0;0;0;0;0;0;0;0;0;0.0714285714285714;0;0;0;0;0;0;0;0;0;0;0;0;0;0;0;0;0;0;0;0;0;0;0;0;0;0;0;0;0;0;0;0;0;0;0.0714285714285714;0.0714285714285714;0.0714285714285714;0;0;0;0;0;0
sexual;0;0;0;0;0;0;0;0;0;0;0;0;0;0;0;0;0;0;0;0;0;0;0;0;0;0;0;0;0;0;0;0;0;0;0;0;0;0.0227272727272727;0;0;0;0;0;0;0;0;0;0;0;0;0;0;0;0;0;0.0714285714285714;0;0;0;0;0;0;0;0;0.0714285714285714;0;0;0.0714285714285714;0;0;0;0;0;0;0;0;0;0;0;0;0;0;0.0714285714285714;0;0;0;0;0;0;0;0;0;0;0;0;0;0;0;0;0;0;0;0;0;0;0;0;0;0;0;0;0;0;0;0;0;0;0.0714285714285714;0.0714285714285714;0.0714285714285714;0;0;0;0;0;0
categories;0;0;0;0;0;0;0;0;0;0.0256410256410256;0;0;0;0;0;0;0;0;0;0;0;0;0;0;0;0;0;0;0;0;0;0;0;0;0;0;0;0;0;0;0;0;0;0;0;0.0344827586206897;0;0;0;0;0;0;0;0;0;0;0;0;0;0;0;0;0;0;0;0.0454545454545455;0;0;0;0;0;0.1;0;0;0;0;0;0;0;0;0;0.0555555555555556;0;0;0;0;0;0;0;0;0.1;0.1;0;0;0;0;0;0;0;0;0;0;0;0;0;0;0;0;0;0;0.1;0;0;0;0;0;0;0;0;0;0.1;0.1;0.1;0;0;0
landuse;0;0;0;0;0;0;0;0;0;0.0256410256410256;0;0;0;0;0;0;0;0;0;0;0;0;0;0;0;0;0;0;0;0;0;0;0;0;0;0;0;0;0;0;0;0;0;0;0;0.0344827586206897;0;0;0;0;0;0;0;0;0;0;0;0;0;0;0;0;0;0;0;0.0454545454545455;0;0;0;0;0;0.1;0;0;0;0;0;0;0;0;0;0.0555555555555556;0;0;0;0;0;0;0;0;0.1;0.1;0;0;0;0;0;0;0;0;0;0;0;0;0;0;0;0;0;0;0.1;0;0;0;0;0;0;0;0;0;0.1;0.1;0.1;0;0;0
transport;0;0;0;0;0;0;0;0;0;0.0256410256410256;0;0;0;0;0;0;0;0;0;0;0;0;0;0;0;0;0;0;0;0;0;0;0;0;0;0;0;0;0;0;0;0;0;0;0;0.0344827586206897;0;0;0;0;0;0;0;0;0;0;0;0;0;0;0;0;0;0;0;0.0454545454545455;0;0;0;0;0;0.1;0;0;0;0;0;0;0;0;0;0.0555555555555556;0;0;0;0;0;0;0;0;0.1;0.1;0;0;0;0;0;0;0;0;0;0;0;0;0;0;0;0;0;0;0.1;0;0;0;0;0;0;0;0;0;0.1;0.1;0.1;0;0;0
serving;0;0;0;0;0;0;0;0;0;0;0;0;0;0;0;0;0;0;0;0.0666666666666667;0.0666666666666667;0;0;0;0;0;0;0.0666666666666667;0;0;0;0;0;0;0;0.04;0;0.0227272727272727;0;0;0;0;0;0;0;0;0;0;0;0;0;0;0;0;0;0;0;0;0;0;0;0;0;0;0;0;0;0;0;0;0;0;0;0;0.0666666666666667;0;0;0;0;0;0;0;0;0;0;0;0;0;0;0.0666666666666667;0;0;0.0666666666666667;0;0;0;0;0.0588235294117647;0;0;0;0;0;0;0;0;0.0666666666666667;0;0;0;0;0.0666666666666667;0;0;0;0;0;0;0;0;0;0;0;0;0.0666666666666667;0
organizations;0;0;0;0;0;0;0;0;0;0;0;0;0;0;0;0;0;0;0;0.0666666666666667;0.0666666666666667;0;0;0;0;0;0;0.0666666666666667;0;0;0;0;0;0;0;0.04;0;0.0227272727272727;0;0;0;0;0;0;0;0;0;0;0;0;0;0;0;0;0;0;0;0;0;0;0;0;0;0;0;0;0;0;0;0;0;0;0;0;0.0666666666666667;0;0;0;0;0;0;0;0;0;0;0;0;0;0;0.0666666666666667;0;0;0.0666666666666667;0;0;0;0;0.0588235294117647;0;0;0;0;0;0;0;0;0.0666666666666667;0;0;0;0;0.0666666666666667;0;0;0;0;0;0;0;0;0;0;0;0;0.0666666666666667;0
nonprofit;0;0;0;0;0;0;0;0;0;0;0;0;0;0;0;0;0;0;0;0.0666666666666667;0.0666666666666667;0;0;0;0;0;0;0.0666666666666667;0;0;0;0;0;0;0;0.04;0;0.0227272727272727;0;0;0;0;0;0;0;0;0;0;0;0;0;0;0;0;0;0;0;0;0;0;0;0;0;0;0;0;0;0;0;0;0;0;0;0;0.0666666666666667;0;0;0;0;0;0;0;0;0;0;0;0;0;0;0.0666666666666667;0;0;0.0666666666666667;0;0;0;0;0.0588235294117647;0;0;0;0;0;0;0;0;0.0666666666666667;0;0;0;0;0.0666666666666667;0;0;0;0;0;0;0;0;0;0;0;0;0.0666666666666667;0
Boston;0;0;0;0.0714285714285714;0;0;0;0;0;0.0256410256410256;0;0;0;0;0;0.0714285714285714;0;0;0;0;0;0;0;0;0;0;0;0;0;0;0;0;0;0;0;0;0;0;0;0;0;0;0;0;0;0.0344827586206897;0;0;0;0;0;0;0;0;0;0;0;0;0;0;0;0;0;0;0;0;0;0;0;0.0714285714285714;0;0;0;0;0;0;0;0;0;0;0;0;0;0;0;0;0;0.0714285714285714;0;0;0;0;0;0.0555555555555556;0;0;0;0;0;0;0;0;0;0.0384615384615385;0;0;0;0;0;0;0;0;0;0;0;0;0;0;0;0;0;0;0;0;0;0
Greater;0;0;0;0.0714285714285714;0;0;0;0;0;0.0256410256410256;0;0;0;0;0;0.0714285714285714;0;0;0;0;0;0;0;0;0;0;0;0;0;0;0;0;0;0;0;0;0;0;0;0;0;0;0;0;0;0.0344827586206897;0;0;0;0;0;0;0;0;0;0;0;0;0;0;0;0;0;0;0;0;0;0;0;0.0714285714285714;0;0;0;0;0;0;0;0;0;0;0;0;0;0;0;0;0;0.0714285714285714;0;0;0;0;0;0.0555555555555556;0;0;0;0;0;0;0;0;0;0.0384615384615385;0;0;0;0;0;0;0;0;0;0;0;0;0;0;0;0;0;0;0;0;0;0
urban;0;0;0;0.0714285714285714;0;0;0;0;0;0.0256410256410256;0;0;0;0;0;0.0714285714285714;0;0;0;0.0666666666666667;0.0666666666666667;0;0;0;0;0;0;0.0666666666666667;0;0;0;0;0;0;0;0.04;0;0.0227272727272727;0;0;0;0;0;0;0;0.0689655172413793;0;0;0;0;0;0;0;0;0;0;0;0;0;0;0;0;0.2;0.2;0;0;0;0;0;0.0714285714285714;0;0;0.2;0;0.0666666666666667;0;0.222222222222222;0;0;0;0;0;0;0;0;0;0;0.0714285714285714;0;0.0666666666666667;0;0;0.0666666666666667;0.166666666666667;0;0;0;0.117647058823529;0.2;0;0;0.125;0;0.0384615384615385;0.5;0;0.0666666666666667;0;0;0;0;0.0666666666666667;0;0;0.166666666666667;0;0;0;0;0;0;0;0;0;0.0666666666666667;0
density;0;0;0;0;0;0;0.0588235294117647;0;0;0;0;0;0;0.04;0;0;0;0.0526315789473684;0;0;0;0;0;0;0;0.0588235294117647;0.0588235294117647;0;0;0;0;0;0;0;0;0;0;0;0;0;0;0;0;0.0588235294117647;0;0;0;0;0.0588235294117647;0;0;0;0;0;0;0;0;0;0;0;0;0;0;0;0;0;0;0;0;0;0;0;0;0;0;0;0;0;0;0;0;0;0;0;0;0;0;0;0;0;0;0;0;0;0.0588235294117647;0;0;0;0;0;0;0;0;0;0;0;0;0;0;0;0;0;0;0;0;0;0;0;0;0;0;0;0;0;0;0
activity;0;0;0;0;0;0;0.0588235294117647;0;0;0;0;0;0;0.04;0;0;0;0.0526315789473684;0;0;0;0;0;0;0;0.0588235294117647;0.0588235294117647;0;0;0;0;0;0;0;0;0;0;0;0;0;0;0;0;0.0588235294117647;0;0;0;0;0.0588235294117647;0;0;0;0;0;0;0;0;0;0;0;0;0;0;0;0;0;0;0;0;0;0;0;0;0;0;0;0;0;0;0;0;0;0;0;0;0;0;0;0;0;0;0;0;0;0.0588235294117647;0.5;0;0;0;0;0.5;0;0;0;0;0;0;0;0;0;0;0;0;0;0;0;0;0;0;0;0;0;0;0;0;0
employment;0;0;0;0;0;0;0;0;0;0;0;0;0;0;0;0;0;0;0;0;0;0.0476190476190476;0;0;0;0;0;0;0;0.0625;0;0;0;0;0;0;0;0;0;0;0;0;0;0;0;0;0;0;0;0;0;0;0;0;0;0;0;0;0;0;0;0;0;0;0;0;0;0;0.0833333333333333;0;0.0833333333333333;0;0;0;0;0;0;0;0;0;0;0;0;0;0;0;0;0;0;0;0;0;0;0;0;0;0;0;0;0.0833333333333333;0;0;0;0.0384615384615385;0;0;0;0;0;0;0;0;0;0;0;0;0;0;0;0;0;0;0;0;0;0
use;0;0;0;0;0;0;0;0;0;0;0;0;0;0;0;0;0;0;0;0;0;0;0;0;0;0;0;0;0;0;0;0;0;0;0;0;0;0;0;0;0;0;0;0;0;0;0;0;0;0;0;0;0;0;0;0;0;0;0;0;0;0;0;0;0;0.0454545454545455;0;0;0;0;0;0;0;0;0;0;0;0;0;0;0;0;0;0;0;0;0;0;0.0833333333333333;0;0;0;0;0;0;0;0;0;0;0;0;0.125;0;0;0;0;0;0;0;0;0;0;0;0.0833333333333333;0;0;0;0;0;0;0;0;0;0;0;0
built-up;0;0;0;0;0;0;0;0;0;0.0256410256410256;0;0;0;0;0;0;0;0;0;0;0;0;0;0;0;0;0;0;0;0;0;0;0;0;0;0;0;0;0;0;0;0;0;0;0;0.0344827586206897;0;0;0;0;0;0;0;0;0;0;0;0;0;0;0;0;0;0;0;0.0454545454545455;0;0;0;0;0;0.1;0;0;0;0;0;0;0;0;0;0.0555555555555556;0;0;0;0;0;0;0;0;0.1;0.1;0;0;0;0;0;0;0;0;0;0;0;0;0;0;0;0;0;0;0.1;0;0;0;0;0;0;0;0;0;0.1;0.1;0.1;0;0;0
social-economic;0;0;0;0;0;0;0;0;0;0;0;0;0;0;0;0;0;0;0;0;0;0;0;0;0;0;0;0;0;0;0;0;0;0;0;0;0;0;0;0;0;0;0;0;0;0;0;0;0;0;0;0;0;0;0;0;0;0;0;0;0;0;0;0;0;0;0;0;0;0;0;0;0;0;0;0;0;0;0;0;0;0;0;0;0;0;0;0;0;0;0;0;0;0;0;0;0;0;0;0;0;0;0;0;0;0;0;0.5;0;0;0;0;0;0;0;0;0;0;0;0;0;0;0;0;0;0
rural-urban;0;0;0;0.0714285714285714;0;0;0;0;0;0.0256410256410256;0;0;0;0;0;0.0714285714285714;0;0;0;0;0;0;0;0;0;0;0;0;0;0;0;0;0;0;0;0;0;0;0;0;0;0;0;0;0;0.0344827586206897;0;0;0;0;0;0;0;0;0;0;0;0;0;0;0;0;0;0;0;0;0;0;0;0.0714285714285714;0;0;0;0;0;0;0;0;0;0;0;0;0;0;0;0;0;0.0714285714285714;0;0;0;0;0;0.0555555555555556;0;0;0;0;0;0;0;0;0;0.0384615384615385;0;0;0;0;0;0;0;0;0;0;0;0;0;0;0;0;0;0;0;0;0;0
cultural;0;0;0;0;0;0;0;0;0;0;0;0;0;0;0;0;0;0;0;0;0;0.0952380952380952;0;0;0;0;0;0;0;0.125;0;0;0;0;0;0;0;0;0;0;0;0;0;0;0;0;0;0;0;0;0;0;0;0;0;0;0;0;0;0;0;0;0;0;0;0;0;0;0.166666666666667;0;0.166666666666667;0;0;0;0;0;0;0;0;0;0;0;0;0;0;0;0;0;0;0;0;0;0;0;0;0;0;0;0;0.166666666666667;0;0;0;0.0769230769230769;0;0;0;0;0;0;0;0;0;0;0;0;0;0;0;0;0;0;0;0;0;0
Zone;0;0;0;0;0;0;0;0;0;0;0;0;0;0;0;0;0;0;0;0;0;0;0;0;0;0;0;0;0;0;0;0;0;0;0;0;0;0;0;0;0;0;0;0;0;0;0;0;0;0;0;0;0;0;0;0;0;0;0;0;0;0;0;0;0;0;0;0;0;0;0;0;0;0;0;0;0;0;0;0;0;0;0;0;0;0;0;0;0;0;0;0;0;0;0;0;0;0;0;0;0;0;0;0;0;0;0;0;0.333333333333333;0;0;0;0;0;0;0;0;0;0;0;0;0;0;0;0;0
Islamabad;0;0;0;0;0;0;0;0;0;0;0;0;0;0;0;0;0;0;0;0;0;0;0;0;0;0;0;0;0;0;0;0;0;0;0;0;0;0;0;0;0;0;0;0;0;0;0;0;0;0;0;0;0;0;0;0;0;0;0;0;0;0;0;0;0;0;0;0;0;0;0;0;0;0;0;0;0;0;0;0;0;0;0;0;0;0;0;0;0;0;0;0;0;0;0;0;0;0;0;0;0;0;0;0;0;0;0;0;0.333333333333333;0;0;0;0;0;0;0;0;0;0;0;0;0;0;0;0;0
area;0;0;0;0;0;0;0;0;0;0;0;0;0;0;0;0;0;0;0;0;0;0;0;0;0;0;0;0;0;0;0;0;0;0;0;0;0;0;0;0;0;0;0;0;0;0;0;0;0;0;0;0;0;0;0;0;0;0;0;0;0;0;0;0;0;0;0;0;0;0;0;0;0;0;0;0;0;0;0;0;0;0;0;0;0;0;0;0;0;0;0;0;0;0;0;0;0;0;0;0;0;0;0;0;0;0;0;0;0.333333333333333;0;0;0;0;0;0;0;0;0;0;0;0;0;0;0;0;0
growth;0;0;0;0;0;0;0;0;0;0;0;0;0;0;0;0;0;0;0;0;0;0;0;0;0;0;0;0;0;0;0;0;0;0;0;0;0;0;0;0;0;0;0;0;0;0;0;0;0;0;0;0;0;0;0;0;0;0;0;0;0;0;0;0;0;0;0;0;0;0;0;0;0;0;0;0;0;0;0;0;0;0;0;0;0;0;0;0;0;0;0;0;0;0;0;0;0;0;0;0;0;0;0;0;0;0;0;0;0;0.5;0;0;0;0;0;0;0;0;0;0;0;0;0;0;0;0
Original-stream;0;0;0;0;0;0;0;0;0;0.0256410256410256;0;0;0;0;0;0;0;0;0;0;0;0;0;0;0;0;0;0;0;0;0;0;0;0;0;0;0;0;0;0;0;0;0;0;0;0.0344827586206897;0;0;0;0;0;0;0;0;0;0;0;0;0;0;0;0;0;0;0;0.0454545454545455;0;0;0;0;0;0.1;0;0;0;0;0;0;0;0;0;0.0555555555555556;0;0;0;0;0;0;0;0;0.1;0.1;0;0;0;0;0;0;0;0;0;0;0;0;0;0;0;0;0;0;0.1;0;0;0;0;0;0;0;0;0;0.1;0.1;0.1;0;0;0
mortality;0;0;0;0;0;0;0;0;0;0;0;0;0;0;0;0;0;0;0;0.0666666666666667;0.0666666666666667;0;0;0;0;0;0;0.0666666666666667;0;0;0;0;0;0;0;0.04;0;0.0227272727272727;0;0;0;0;0;0;0;0;0;0;0;0;0;0;0;0;0;0;0;0;0;0;0;0;0;0;0;0;0;0;0;0;0;0;0;0;0.0666666666666667;0;0;0;0;0;0;0;0;0;0;0;0;0;0;0.0666666666666667;0;0;0.0666666666666667;0;0;0;0;0.0588235294117647;0;0;0;0;0;0;0;0;0.0666666666666667;0;0;0;0;0.0666666666666667;0;0;0;0;0;0;0;0;0;0;0;0;0.0666666666666667;0
cancer;0;0;0;0;0;0;0;0;0;0;0;0;0;0;0;0;0;0;0;0.0666666666666667;0.0666666666666667;0;0;0;0;0;0;0.0666666666666667;0;0;0;0;0;0;0;0.04;0;0.0227272727272727;0;0;0;0;0;0;0;0;0;0;0;0;0;0;0;0;0;0;0;0;0;0;0;0;0;0;0;0;0;0;0;0;0;0;0;0;0.0666666666666667;0;0;0;0;0;0;0;0;0;0;0;0;0;0;0.0666666666666667;0;0;0.0666666666666667;0;0;0;0;0.0588235294117647;0;0;0;0;0;0;0;0;0.0666666666666667;0;0;0;0;0.0666666666666667;0;0;0;0;0;0;0;0;0;0;0;0;0.0666666666666667;0
cervix;0;0;0;0;0;0;0;0;0;0;0;0;0;0;0;0;0;0;0;0.0666666666666667;0.0666666666666667;0;0;0;0;0;0;0.0666666666666667;0;0;0;0;0;0;0;0.04;0;0.0227272727272727;0;0;0;0;0;0;0;0;0;0;0;0;0;0;0;0;0;0;0;0;0;0;0;0;0;0;0;0;0;0;0;0;0;0;0;0;0.0666666666666667;0;0;0;0;0;0;0;0;0;0;0;0;0;0;0.0666666666666667;0;0;0.0666666666666667;0;0;0;0;0.0588235294117647;0;0;0;0;0;0;0;0;0.0666666666666667;0;0;0;0;0.0666666666666667;0;0;0;0;0;0;0;0;0;0;0;0;0.0666666666666667;0
all;0;0;0;0;0;0;0;0;0;0;0;0;0;0;0;0;0;0;0;0;0;0;0;0;0;0;0;0;0;0;0;0;0;0;0;0;0;0;0;0;0;0;0;0;0;0;0;0;0;0;0;0;0;0;0;0;0;0;0;0;0;0;0;0;0;0;0;0;0;0;0;0;0;0;0;0;0;0;0;0;0;0;0;0;0;0;0;0;0;0;0;0;0;0;0;0;0;0;0;0;0;0;0;0;0;0;0;0;0;0;0;0;1;0;0;0;0;0;0;0;0;0;0;0;0;0
bicycle-specific;0;0;0;0;0;0;0;0;0;0;0;0;0;0;0;0;0;0;0;0;0;0;0;0;0;0;0;0;0;0;0;0;0;0;0;0;0;0;0;0;0;0;0;0;0;0;0;0;0;0;0;0;0;0;0;0;0;0;0;0;0;0;0;0;0;0;0;0;0;0;0;0;0;0;0;0;0;0;0;0;0;0;0;0;0;0;0;0;0.0833333333333333;0;0;0;0;0;0;0;0;0;0;0;0;0;0;0;0;0;0;0;0;0;0;0;0;0.0833333333333333;0;0;0;0;0;0;0;0;0;0;0;0
network,;0;0;0;0;0;0;0;0;0;0;0;0;0;0;0;0;0;0;0;0;0;0;0;0;0;0;0;0;0;0;0;0;0;0;0;0;0;0;0;0;0;0;0;0;0;0;0;0;0;0;0;0;0;0;0;0;0;0;0;0;0;0;0;0;0;0;0;0;0;0;0;0;0;0;0;0;0;0;0;0;0;0;0;0;0;0;0;0;0.0833333333333333;0;0;0;0;0;0;0;0;0;0;0;0;0;0;0;0;0;0;0;0;0;0;0;0;0.0833333333333333;0;0;0;0;0;0;0;0;0;0;0;0
patterns,;0;0;0;0;0;0;0;0;0;0;0;0;0;0;0;0;0;0;0;0;0;0;0;0;0;0;0;0;0;0;0;0;0;0;0;0;0;0;0;0;0;0;0;0;0;0;0;0;0;0;0;0;0;0;0;0;0;0;0;0;0;0;0;0;0;0;0;0;0;0;0;0;0;0;0;0;0;0;0;0;0;0;0;0;0;0;0;0;0.0833333333333333;0;0;0;0;0;0;0;0;0;0;0;0;0;0;0;0;0;0;0;0;0;0;0;0;0.0833333333333333;0;0;0;0;0;0;0;0;0;0;0;0
environment,;0;0;0;0;0;0;0;0;0;0;0;0;0;0;0;0;0;0;0;0;0;0;0;0;0;0;0;0;0;0;0;0;0;0;0;0;0;0;0;0;0;0;0;0;0;0;0;0;0;0;0;0;0;0;0;0;0;0;0;0;0;0;0;0;0;0;0;0;0;0;0;0;0;0;0;0;0;0;0;0;0;0;0;0;0;0;0;0;0.0833333333333333;0;0;0;0;0;0;0;0;0;0;0;0;0;0;0;0;0;0;0;0;0;0;0;0;0.0833333333333333;0;0;0;0;0;0;0;0;0;0;0;0
physical;0;0;0;0;0;0;0;0;0;0;0;0;0;0;0;0;0;0;0;0;0;0;0;0;0;0;0;0;0;0;0;0;0;0;0;0;0;0;0;0;0;0;0;0;0;0;0;0;0;0;0;0;0;0;0;0;0;0;0;0;0;0;0;0;0;0;0;0;0;0;0;0;0;0;0;0;0;0;0;0;0;0;0;0;0;0;0;0;0.0833333333333333;0;0;0;0;0;0;0;0;0;0;0;0;0;0;0;0;0;0;0;0;0;0;0;0;0.0833333333333333;0;0;0;0;0;0;0;0;0;0;0;0
(e.g.;0;0;0;0;0;0;0;0;0;0;0;0;0;0;0;0;0;0;0;0;0;0;0;0;0;0;0;0;0;0;0;0;0;0;0;0;0;0;0;0;0;0;0;0;0;0;0;0;0;0;0;0;0;0;0;0;0;0;0;0;0;0;0;0;0;0;0;0;0;0;0;0;0;0;0;0;0;0;0;0;0;0;0;0;0;0;0;0;0.0833333333333333;0;0;0;0;0;0;0;0;0;0;0;0;0;0;0;0;0;0;0;0;0;0;0;0;0.0833333333333333;0;0;0;0;0;0;0;0;0;0;0;0
environment;0;0;0;0;0;0;0;0;0;0;0;0;0;0;0;0;0;0;0;0;0;0;0;0;0;0;0;0;0;0;0;0;0;0;0;0;0;0;0;0;0;0;0;0;0;0;0;0;0;0;0;0;0;0;0;0;0;0;0;0;0;0;0;0;0;0;0;0;0;0;0;0;0;0;0;0;0;0;0;0;0;0;0;0;0;0;0;0;0.0833333333333333;0;0;0;0;0;0;0;0;0;0;0;0;0;0;0;0;0;0;0;0;0;0;0;0;0.0833333333333333;0;0;0;0;0;0;0;0;0;0;0;0
built;0;0;0;0;0;0;0;0;0;0;0;0;0;0;0;0;0;0;0;0;0;0;0;0;0;0;0;0;0;0;0;0;0;0;0;0;0;0;0;0;0;0;0;0;0;0;0;0;0;0;0;0;0;0;0;0;0;0;0;0;0;0;0;0;0;0;0;0;0;0;0;0;0;0;0;0;0;0;0;0;0;0;0;0;0;0;0;0;0.0833333333333333;0;0;0;0;0;0;0;0;0;0;0;0;0;0;0;0;0;0;0;0;0;0;0;0;0.0833333333333333;0;0;0;0;0;0;0;0;0;0;0;0
air;0;0;0;0;0;0;0;0;0;0;0;0;0;0;0;0;0;0;0;0;0;0;0;0;0;0;0;0;0;0;0;0;0;0;0;0;0;0;0;0;0;0;0;0;0;0;0;0;0;0;0;0;0;0;0;0;0;0;0;0;0;0;0;0;0;0;0;0;0;0;0;0;0;0;0;0;0;0;0;0;0;0;0;0;0;0;0;0;0;0;0;0;0;0;0;0;0;0;0;0;0;0;0;0;0;0;0;0;0;0;0;0;0;0;0.166666666666667;0;0;0;0;0;0;0;0;0;0;0
ambient;0;0;0;0;0;0;0;0;0;0;0;0;0;0;0;0;0;0;0;0;0;0;0;0;0;0;0;0;0;0;0;0;0;0;0;0;0;0;0;0;0;0;0;0;0;0;0;0;0;0;0;0;0;0;0;0;0;0;0;0;0;0;0;0;0;0;0;0;0;0;0;0;0;0;0;0;0;0;0;0;0;0;0;0;0;0;0;0;0;0;0;0;0;0;0;0;0;0;0;0;0;0;0;0;0;0;0;0;0;0;0;0;0;0;0.166666666666667;0;0;0;0;0;0;0;0;0;0;0
markers;0;0;0;0;0;0;0;0;0;0;0;0;0;0;0;0;0;0;0;0;0;0;0;0;0;0;0;0;0;0;0;0;0;0;0;0;0;0;0;0;0;0;0;0;0;0;0;0;0;0;0;0;0;0;0;0;0;0;0;0;0;0;0;0;0;0;0;0;0;0;0;0;0;0;0;0;0;0;0;0;0;0;0;0;0;0;0;0;0;0;0;0;0;0;0;0;0;0;0;0;0;0;0;0;0;0;0;0;0;0;0;0;0;0;0.166666666666667;0;0;0;0;0;0;0;0;0;0;0
socioeconomic;0;0;0;0;0;0;0;0;0;0;0;0;0;0;0;0;0;0;0;0;0;0;0;0;0;0;0;0;0;0;0;0;0;0;0;0;0;0;0;0;0;0;0;0;0;0;0;0;0;0;0;0;0;0;0;0;0;0;0;0;0;0;0;0;0;0;0;0;0;0;0;0;0;0;0;0;0;0;0;0;0;0;0;0;0;0;0;0;0;0;0;0;0;0;0;0;0;0;0;0;0;0;0;0;0;0;0;0;0;0;0;0;0;0;0.166666666666667;0;0;0;0;0;0;0;0;0;0;0
neighborhood;0;0;0;0;0;0;0;0.25;0;0;0;0;0;0.08;0;0;0.25;0;0;0;0;0;0;0;0;0;0;0;0;0;0;0;0;0;0;0;0;0;0;0;0;0;0;0;0;0;0;0;0;0;0;0;0;0;0.25;0;0;0;0;0;0;0;0;0;0;0.0909090909090909;0;0;0;0;0;0;0;0;0;0;0;0;0;0;0;0.111111111111111;0;0;0;0;0;0;0;0;0;0;0;0;0;0;0.25;0;0;0;0;0;0;0;0;0;0;0;0;0;0;0;0;0;0.166666666666667;0;0;0;0;0;0;0;0;0;0;0
grazing;0;0;0;0;0;0;0;0;0;0;0;0;0;0;0;0;0;0;0;0;0;0.0476190476190476;0;0;0;0;0;0;0;0;0;0;0;0;0;0;0;0;0;0;0;0;0.125;0;0;0;0;0;0;0;0;0;0;0;0;0;0;0;0;0;0;0;0;0;0;0;0;0;0;0;0;0;0;0;0;0;0;0;0;0;0;0;0;0;0;0.0434782608695652;0;0;0;0;0;0;0;0;0;0;0;0;0;0;0;0;0;0;0;0.125;0;0;0;0;0;0;0;0;0;0;0;0;0;0;0;0;0;0;0;0
crape;0;0;0;0;0;0;0;0;0;0;0;0;0;0;0;0;0;0;0;0;0;0;0;0;0;0;0;0;0;0;0;0;0;0;0.1;0.04;0;0.0227272727272727;0.0625;0.1;0.1;0;0;0;0;0;0;0;0;0;0;0.0714285714285714;0.0476190476190476;0.1;0;0;0;0;0;0;0;0.1;0;0;0;0;0;0;0;0;0;0;0;0;0;0;0;0;0;0;0;0;0;0;0;0;0;0;0;0;0;0;0;0;0;0;0;0;0;0;0;0;0;0;0;0;0;0;0;0;0;0;0;0;0;0.1;0;0;0;0;0;0;0;0;0;0
cover;0;0;0;0;0;0;0;0;0;0.0256410256410256;0;0;0;0;0;0;0;0;0;0;0;0;0;0;0;0;0;0;0;0;0;0;0;0;0;0;0;0;0;0;0;0;0;0;0;0.0344827586206897;0;0;0;0;0;0;0;0;0;0;0;0;0;0;0;0;0;0;0;0.0454545454545455;0;0;0;0;0;0.1;0;0;0;0;0;0;0;0;0;0.0555555555555556;0;0;0;0;0;0;0;0;0.1;0.1;0;0;0;0;0;0;0;0;0;0;0;0;0;0;0;0;0;0;0.1;0;0;0;0;0;0;0;0;0;0.1;0.1;0.1;0;0;0
service;0;0;0;0;0;0;0;0;0;0;0;0;0;0;0;0;0;0;0;0.133333333333333;0.133333333333333;0;0;0;0;0;0;0.133333333333333;0;0;0;0;0;0;0;0.08;0;0.0454545454545455;0;0;0;0;0;0;0;0;0;0;0;0;0;0;0;0;0;0;0;0;0;0;0;0;0;0;0;0;0;0;0;0;0;0;0;0;0.133333333333333;0;0;0;0;0;0;0;0;0;0;0;0;0;0;0.133333333333333;0;0;0.133333333333333;0;0;0;0;0.117647058823529;0;0;0;0;0;0;0;0;0.133333333333333;0;0;0;0;0.133333333333333;0;0;0;0;0;0;0;0;0;0;0;0;0.133333333333333;0
owner-occupied;0;0;0;0;0;0;0;0;0;0;0;0;0;0;0;0;0;0;0;0;0;0;0;0;0;0;0;0;0;0;0.333333333333333;0;0;0;0;0;0;0;0;0;0;0;0;0;0;0;0;0;0;0;0;0;0;0;0;0;0;0;0;0;0;0;0;0;0;0;0;0;0;0;0;0;0;0;0;0;0;0;0;0;0;0;0;0;0;0;0;0;0;0;0;0;0;0;0;0;0;0;0;0;0;0;0;0;0;0;0;0;0;0;0;0;0;0;0;0;0;0;0;0;0;0;0;0;0;0
vacant;0;0;0;0;0;0;0;0;0;0;0;0;0;0;0;0;0;0;0;0;0;0;0;0;0;0;0;0;0;0;0.333333333333333;0;0;0;0;0;0;0;0;0;0;0;0;0;0;0;0;0;0;0;0;0;0;0;0;0;0;0;0;0;0;0;0;0;0;0;0;0;0;0;0;0;0;0;0;0;0;0;0;0;0;0;0;0;0;0;0;0;0;0;0;0;0;0;0;0;0;0;0;0;0;0;0;0;0;0;0;0;0;0;0;0;0;0;0;0;0;0;0;0;0;0;0;0;0;0
